#! FIELDS time ld1 sigma_ld1 height
#! SET action OPES_METAD_state
#! SET biasfactor                       8
#! SET epsilon   1.153581406617129e-07
#! SET kernel_cutoff       5.652472782993875
#! SET compression_threshold                       1
#! SET zed     0.02724517226953838
#! SET sum_weights       1885958.652492056
#! SET sum_weights2       5937767.350843757
#! SET counter  1499982
#! SET adaptive_counter  375000000
#! SET sigma0_ld1      0.3267767336514422
#! SET av_cv_ld1      0.7532805050588041
#! SET av_M2_ld1        252648417.339422
                1500000     -2.355037083885287    0.03840582701604797      259414.0413266814
                1500000     -1.359438713763306    0.04031276239646941       188537.979433706
                1500000    -0.4255782449383286    0.03680404487687647      251108.5954499285
                1500000     -1.864118686399661    0.03921901333829172      428623.8736839861
                1500000     -1.115604634431821    0.04057728362363695      160790.5291603555
                1500000     0.6550657832395046    0.03374293947301443      410595.9577630845
                1500000     0.9325939140887839    0.03219238210780308      300759.8130482249
                1500000     -2.136271438816631    0.03953494104395971      425487.7834019396
                1500000     -2.924410742179395    0.03959568519974585       8403.38868277154
                1500000     -1.600859971678931    0.03921803300292952       282409.807872375
                1500000      1.595135834680011    0.03127789039541624      256241.9151620672
                1500000       2.08956860683132    0.03032877952150202      204593.3838291448
                1500000      1.298234820669559    0.03303472601558845      332012.1158476785
                1500000      2.548037110349418     0.0314761396790541       199705.598014636
                1500000      3.793057302646527    0.03190737121801103      51910.91380957555
                1500000      3.257900265416746    0.03104307304784202      78062.28985361112
                1500000      4.444354004422109    0.03303277138142061       35927.3012022519
                1500000      4.970349765599028    0.03375377112959697      25598.84605267694
                1500000      5.512936856903453    0.03701069403050147      28119.66456011662
                1500000      7.010143362028255    0.03820696898959245       18304.0380156686
                1500000      7.532314587471047      0.037901812992716      20948.11577797143
                1500000      6.048803025074825    0.03776063775236847      22610.76322115441
                1500000      5.837861758401727    0.03792158391050889      25489.45766920607
                1500000      6.664031362653558    0.03709968699271517      19627.68641171308
                1500000      7.855176775553163    0.03657059967551259      20367.50626541368
                1500000      8.577413627567239    0.03863377008815686      22867.84287658315
                1500000      8.324757155693211    0.03762121421590227      21845.48964734223
                1500000      2.960041407417856     0.0318217290190107      136356.9864060644
                1500000     0.2655698629496437    0.03338282101470452      341419.5728866841
                1500000   -0.08033317672222465    0.03385170176899972      274749.0548333743
                1500000      1.868401480107037    0.03205833223264902      264149.4654159244
                1500000      4.705754522036545    0.03418360300444525      32110.79992617267
                1500000      4.158089291910917    0.03258897816342256      40409.15511407545
                1500000       2.28529086224157    0.03149823969067796      199459.1553417692
                1500000      3.552475215433455    0.03072955836031821      54850.47081712905
                1500000      6.469133507403959    0.03831728136967921      23846.65416950572
                1500000       8.90631912972797    0.03751603819757094      27161.20424593567
                1500000      8.074890594934864    0.03760813198245599      24216.15953860307
                1500000      9.370531400755265    0.03764928344893879      27090.94247818008
                1500000      10.20840400298862    0.03776092443048584       25640.4277614704
                1500000      10.40623901181764    0.03792691490959018      30188.58992825001
                1500000      11.06581061483189     0.0377529300661489      26127.00573657009
                1500000      11.53953603698225    0.03910344504493556      27326.59150820003
                1500000      10.86465661136884    0.03676988962804754      24035.56485285759
                1500000      11.31684596433251    0.03791926030319891      25709.73538860822
                1500000       12.0549785821728    0.03911061452778258      22348.84431962365
                1500000      12.63504190288854    0.03966207499826695      21606.88690659439
                1500000      9.612737506894113    0.03865065539918418      27935.70132777795
                1500000      7.308583474669705    0.03797764182601482      19960.15301865219
                1500000       9.12298084481656    0.03700859607094168      23119.67264373987
                1500000      9.947466567675898    0.03740903137859074      25261.93446029294
                1500000      13.25413901485618    0.03978212246778678      18788.95703190204
                1500000      12.98215151536793    0.04016491266135629      18832.01717039216
                1500000      12.31080743703919    0.03822147493585492      21409.20397650888
                1500000       13.4993716815344    0.04071283558087387      18304.17550794621
                1500000      14.35349271896012    0.03975734009335102      14405.44467221614
                1500000      13.76078237509043    0.04063756726318295      17725.67718745811
                1500000      14.10758181190528    0.04090418696298304       16224.4564044693
                1500000      14.85832154154139    0.03862338232978269      12617.47283376803
                1500000      15.05913480897034     0.0387098207199217      12578.80564070311
                1500000      11.80228229249826    0.03738140540046948      22836.11176964229
                1500000       15.3236516725487    0.03884567483245405      12717.38906790011
                1500000       10.6450290134212    0.03802691927615062      28250.96273700907
                1500000      5.287829136125559    0.03692311309896872      31425.91794950849
                1500000      6.257114963066138    0.03799920108249035      23357.82379687866
                1500000    -0.8156439430530116    0.03803495367217809       156367.550422739
                1500000    -0.6349860654536144    0.03515333453536411      135842.4834519904
                1500000     0.4386703271495517    0.03437686451971339      403983.6156892265
                1500000     -2.724877676659999    0.03825940962566772      41396.62735838459
                1500000      -3.33560109121883    0.04013656291394276      82.58710823363269
                1500000     -2.590256790329352    0.03818650608427264      96216.87931304003
                1500000     -3.203007409619183     0.0408196814747985      410.3572511427577
                1500000     -3.527730835974638    0.03789285595995604      10.59004084373116
                1500000     -3.806078502764442    0.03559463308302348      4.431279718906145
                1500000     -3.737540570279072    0.03629386895998832      4.457048952965451
                1500000     -3.065977953144594     0.0394676619229578      2015.769113234573
                1500000      -4.07199472977026    0.03459358605746007      3.357290515988038
                1500000    -0.2477653988723412    0.03350387798383955      238557.7595773154
                1500000    0.09192940018200703    0.03252117109144786       274654.344902931
                1500000      1.077929760109814    0.03087706935050123      254037.2379991536
                1500000     0.7878567286843087    0.03087015658041196      270755.9805567307
                1500000      2.774094609534629    0.02942235988538019      87824.00840442385
                1500000       1.72149900697586    0.03038870596500043      182465.6347186895
                1500000      1.439036452120241    0.03031013921074416      207708.7877891387
                1500000      1.181515654295435    0.02823635154439757      178131.3365467295
                1500000     -1.997709693543737    0.03547162948243675      340566.4162857593
                1500000     -1.734337879382263     0.0350063879131946      240800.8133027053
                1500000     -3.942824986508304    0.03523789814076826      3.439773053415755
                1500000       -3.5983439828083    0.03417837218538591      7.156920621422139
                1500000     -2.465126783875946    0.03275358012256836      113374.2015750473
                1500000     -4.252697257742173    0.03320238435259342      2.280504713549981
                1500000     -0.989988728424004    0.03369063388395782      96234.49299809567
                1500000     -2.828601943184341    0.03166081782966396      11561.04771798059
                1500000     -1.242504524912859    0.03341774833717468      104992.1979219533
                1500000      -2.24017973323316    0.03220169922228695      223038.0271224706
                1500000     -1.491925318809526     0.0336107272446005      154496.3759234216
                1500000     -4.138879016645158    0.03395792841685073      3.200798237866808
                1500000     -3.427125811975683    0.03326621058594076       17.8419452824234
                1500000     -2.994223343900583    0.02976495399452692      2809.143207701049
                1500000    -0.9218756798509872     0.0310923210972979      80617.75399416729
                1500000    -0.5461609688061005    0.02957374611526892        98577.845608473
                1500000    -0.7349086984282575    0.03026525267926595      101139.5212584721
                1500000    -0.1799531491169181    0.02926152789283593      186948.8226365632
                1500000      -1.66908271773971    0.02982298692209816      175577.9282177125
                1500000     -2.064932605152563    0.03022112576235451      236172.5077099763
                1500000     0.5524522149082995    0.02784665382702472      198727.2230986421
                1500000    -0.3526909328294037    0.02982119696449218      157640.5797781685
                1500000     -1.429894309258046    0.02991678781903944      113233.8501438402
                1500000    0.01175823784549387    0.02778635076785563      183575.6778759685
                1500000      2.413236546026059    0.03004796276750604      131338.2249174481
                1500000     -1.184395717410712     0.0291421131836898      82016.99876858408
                1500000     -1.933704258481467    0.02936873641445763      240277.5518598549
                1500000     -1.796874734626054    0.02926468096230739      196817.9347185836
                1500000      3.948133702360202    0.02910737646287544      25033.76197376761
                1500000      2.662949760732465     0.0286414305708559       103441.627230894
                1500000      3.094195936487741    0.03071493926574462      81116.76710915702
                1500000      3.378733291892469    0.02969405139623888      49173.46583964943
                1500000      2.211407866975196    0.03040301582522163        181125.53750623
                1500000      2.834002734845436    0.02967399206046358      97782.66681647279
                1500000      6.826607434092537    0.03607307475017103      21229.39621187995
                1500000      5.667144790433019    0.03398976911751771      21384.27672346147
                1500000      7.687981061800236     0.0372417105747041      18552.83667875249
                1500000       7.11386340657592    0.03705049751551121      17378.93827947616
                1500000      15.66218101660429    0.03920174309456257      13036.13597306678
                1500000      14.65189457195746    0.03847660974438148      12502.68272223173
                1500000      15.19070471922123    0.03852223384564227      11543.88216147772
                1500000      14.72006808963432    0.03826106026947266      11867.87530590291
                1500000      14.50508431474164    0.03935148535271824      13806.82266507518
                1500000      14.58028251335719    0.03942080539791877      13183.12456625707
                1500000       15.7992291461067    0.03891834068074586      12128.76671586095
                1500000      16.13425362368134    0.03914883109930424       12103.1240489377
                1500000      15.52554829423354    0.03888911166399329      12279.87964955161
                1500000      16.06780875009351     0.0397327102406367      12024.48186745927
                1500000      15.93218150721152    0.03923997654540146      11714.31694848123
                1500000      16.26594243259802    0.03902562613892063      12300.42197857076
                1500000      15.99826180930831    0.03909679365688015      11702.49104521774
                1500000      16.39530133142063    0.03872702681669175      11730.33825485977
                1500000      15.86592861236583    0.03925264887762198      12566.58375306095
                1500000      14.99061129371336    0.03862460044468126      12351.50035343023
                1500000      15.73318474032308     0.0393731615059188      12629.44059567747
                1500000      16.33020425024483    0.03899793051119612      11367.05316267201
                1500000      15.12459317973814    0.03836253381497902      11909.43907926485
                1500000      16.90793399703432    0.04104281552431409      13988.45635033384
                1500000      16.60521325039939    0.03996959509096584      12590.97977617872
                1500000       16.4614189215198    0.03941778941614157       12269.7044329112
                1500000      16.20139807829275    0.03893419327987371      11383.68771026168
                1500000       17.2635703447877    0.03865675603717821      10661.58089717503
                1500000      17.12779980912877    0.04012317040952564      12147.14279663206
                1500000      16.98424934333439    0.04086004083394906      12865.06137831415
                1500000      18.10332722744295    0.03900137262521646      9898.033027351958
                1500000      15.45951912068145     0.0390223850780106      10839.26009467159
                1500000      15.39250890997587     0.0389444586914531      12205.01035143424
                1500000      16.75448725400252     0.0406984552307245      14095.24722995968
                1500000      17.39114161288073    0.03866421992128975      10581.18975580894
                1500000      16.82985354213078    0.04098608108136305      13226.78049126044
                1500000       15.5933698857301     0.0391149499740278      12424.24768170316
                1500000      16.67964551026227    0.04050976786022212      13284.49783087429
                1500000      17.32834626800781    0.03867344809944905      10215.99550854142
                1500000      15.25720864843386     0.0388732241856348      12650.49249567189
                1500000      14.78779074626745    0.03864195116784725      12525.38417940748
                1500000      17.05770648564583    0.03977574082563692      12608.79531790343
                1500000      17.51541177584723    0.03887901796588376      10322.73983694922
                1500000      17.19828275268108    0.03945035587826124      11628.46331528179
                1500000      16.53107390410677      0.040106465889444      13115.71390979964
                1500000      14.92489263278472    0.03821097292140788      12587.32688303394
                1500000      17.45248137250971    0.03834848407707529      9523.298436240433
                1500000       17.9028057819519    0.03882547977470845      10096.69862106025
                1500000       17.8402830455641    0.03863816278795519      10262.90130181964
                1500000      17.64403153553647    0.03961961104177471      10861.79284767299
                1500000       17.5779781095256    0.03876124709923349      10912.79784997222
                1500000      13.93408797513093    0.04054413776493988      17132.12087251172
                1500000      17.77862210784064    0.03851003504717078      11008.52740501471
                1500000       18.5667929213046    0.04004383448499546      10384.74721753396
                1500000      17.97061135916857     0.0389887980728976      9744.014682359308
                1500000      18.49542942924951    0.04013818097673726      10230.64755405224
                1500000      18.64206836526411    0.04033184397026383      11221.48517806238
                1500000      18.16645921465375    0.03800435458828578      10095.99845709619
                1500000      18.79405439910543    0.04051330989363758      11084.97543318969
                1500000      18.35473279954942     0.0388126377948315       9414.42847441965
                1500000      14.27307444367633    0.04034818519106004      15084.94207573933
                1500000      14.43015641192188    0.03938808242953794      13747.55569828229
                1500000       18.0379826568664    0.03903161782522423      10173.60011105745
                1500000      18.87141686225219    0.04049342244556695      11986.74950035538
                1500000      18.42243160979833    0.03960404794425634       10161.3906183938
                1500000      18.71835951918361    0.04029547441178553       10723.8852706715
                1500000      19.10069573669668    0.04020425148671655       11548.9372571807
                1500000      19.87990546117285    0.03925301919191244       12934.2597448672
                1500000      19.02428843374919    0.04015222111902199      10988.88584942149
                1500000      19.39409821292577    0.03964639511063814      11499.16471113486
                1500000      19.66983008078698    0.03840902364840668      11573.83714591515
                1500000       19.5361895126952     0.0387525680893308      11104.53735927794
                1500000      18.28944487103004    0.03862338667876208      8343.607556483905
                1500000      19.46779340298169    0.03927690979816288       10388.5874360622
                1500000      18.22634343618586    0.03844601575770229      9165.958233859215
                1500000      19.24865932579615    0.03937532808908891       11107.5333893156
                1500000      19.17482451963604    0.03966454371579403      11653.74868340266
                1500000      19.80711143175125    0.03930930071041585        12641.837048562
                1500000      18.94762885802557    0.04031825880023068      10748.00680983023
                1500000      20.49281052566889    0.03837413994123971        13785.129277557
                1500000      14.02043447113353    0.04107520601111627      15929.95487808856
                1500000      19.32143496389254    0.03920210333256888      12058.66586232042
                1500000      10.76002423661232    0.03720188514763776      22587.67288370307
                1500000      8.755155272344776    0.03690383475802442      21266.80801020588
                1500000      10.02521127886316    0.03736813528344124      29522.64040582582
                1500000      9.746933188963446    0.03823012556041967       29108.0581077457
                1500000      10.32580174894909    0.03730388813504512      28383.62715519191
                1500000      10.56132622876784    0.03752800274183971      28224.69462857112
                1500000      9.290888204485073    0.03782649632141291      27872.08765058354
                1500000      8.486976888283079    0.03759875901783952      23149.98681801997
                1500000      8.983474806560956     0.0371730719485078      25067.97625006599
                1500000      10.98238817229902    0.03768088135524614      24288.66682358309
                1500000      13.07396374915843    0.03985866909257962      16637.79957422474
                1500000      17.71317247060924    0.03905401201668124       11112.6608114041
                1500000      13.84689292263324    0.04077573825789265      17516.71326372167
                1500000      13.58730811316198    0.04096635964791011      18104.52043424709
                1500000        19.949951234989    0.03856217569364594      13654.24173903502
                1500000      19.73562949962919    0.03846198215784966      12258.82065362708
                1500000      20.22541786681999    0.03798118321727614      13386.87752217937
                1500000      20.77590954858039    0.03907380683299289      17805.48765857831
                1500000      20.08966238200994    0.03878482553978185      12503.79720103619
                1500000      20.85129975047315    0.03995115825263389      16274.74549983867
                1500000      19.60428975443464    0.03854958980208848      10876.47701380531
                1500000      20.29124778880461    0.03801623900898372      12898.11308147377
                1500000      20.02035303123922    0.03845319182837294      13242.81775563202
                1500000      20.35812584723777    0.03818545696082629       14208.7261668653
                1500000      20.63051068611828    0.03818728849905592      15103.57101101961
                1500000       21.2724953891305    0.04058148016140643      19131.27918238663
                1500000       21.0137892148235     0.0406957494687229      19915.27169414303
                1500000      21.09789730664567    0.04082129100859812      20077.74197624608
                1500000      21.70865075718217     0.0380247021081218      15329.76734722984
                1500000      20.93206635304693    0.04027881039499829      19262.90706672362
                1500000       20.4253580238862    0.03809248908184583       14288.9969281583
                1500000      21.18632327003698    0.04189082179881408      20425.14462288244
                1500000      20.70333602880165    0.03873080955173575       17008.7115357162
                1500000      21.56869692856468    0.03869847020550575      15940.70714654739
                1500000      22.11940023322901    0.03812968066760148      15442.95568749941
                1500000      22.26959267190628    0.03948587395981529      15063.47894673223
                1500000      21.49917746727884    0.03843196981857961      16351.75989302898
                1500000       21.3544634009469    0.03963748154624858      17552.18342956422
                1500000      20.15933129549886    0.03828651740772739      12649.46075975933
                1500000      21.63964955916154    0.03823848004789872      15335.82211310629
                1500000      22.05258296029859    0.03825766689120664      15423.11797939857
                1500000      22.34651015744965    0.03962332952291409      15849.42396420258
                1500000      21.77493137557457    0.03817575819119149       16795.1343202359
                1500000      21.98387051729742    0.03826985164230248      15006.12583941506
                1500000      20.56164918385262    0.03838023451410656      14114.48083272427
                1500000      21.84491817317382      0.038708483337595      15480.44577828497
                1500000      22.73049708715509    0.03946757011038981      14046.32045029336
                1500000      22.58225819474207    0.03938443526719508       14904.3369701522
                1500000      21.91356837593649    0.03839304472313335      15030.23585002795
                1500000      21.42944136325796    0.03866022462468507      17081.91923949071
                1500000      12.45765602148904    0.03873413875372174      20296.22686050259
                1500000      12.80017491131117    0.03958791792130223      19248.20549467175
                1500000      11.95815888307033    0.03821829594027908      22142.96893712903
                1500000      11.45827110913016    0.03766094909619364      23080.05618975129
                1500000      12.22947479647591    0.04015760042061233      23678.76616882848
                1500000      11.64492499938489    0.03835149982488507      21852.48737064026
                1500000      13.33630661263356    0.03933323845730174      16347.20246980526
                1500000      14.18973198823525    0.04028291704109178      15067.29810452244
                1500000      13.67412869348788     0.0404142480153459      16536.17819313109
                1500000      22.42515497828992    0.03996946044001551      15762.42566091273
                1500000      22.50598093491422    0.03979837597410013      14965.94611699825
                1500000      23.57561055885223    0.03860063361135287      9876.182243631039
                1500000      23.29543556398294    0.03799101878681981      10162.45899513183
                1500000      22.87950185648478     0.0388952519708794       13059.1263754224
                1500000      22.80483613462076    0.03939616347690716      12870.32165636839
                1500000      22.19007699637204    0.03924589478021705      15248.92000163938
                1500000      13.41499500937839    0.03939332269463545      17242.26737622582
                1500000      12.88714637227771    0.04073064194352278      19638.67860298753
                1500000      13.17219863807899    0.04029776484464785      18460.93416351535
                1500000      22.65594396188214    0.03902993269236179       14501.1885124217
                1500000      22.94982358308822     0.0390993206944808      12498.01281088156
                1500000      23.23061234028076     0.0381174759133015      11172.35433684257
                1500000      23.36670361574448    0.03842785849264426      9925.894924166303
                1500000       23.0914273618204    0.03834522167893457      11150.53252091008
                1500000      23.70993646962507    0.03805788545242676      9134.804000897726
                1500000      23.93506913210483    0.04103728688613734      9375.123524321341
                1500000      24.57561157282574    0.04033827730876732      7586.512458141852
                1500000      23.85123372682558    0.04021389383303717      9468.107804274699
                1500000      23.77788973517792    0.03857503786750608      9565.977325488619
                1500000      24.73707757068111    0.04037838696434456      7203.364362281764
                1500000      24.18106454025283    0.04085507497375937      8679.610790306964
                1500000       23.5040508181414    0.03856551690354419       9455.69424309337
                1500000      23.02192239232201    0.03842471110862083      11115.21422345439
                1500000      24.33899447640465    0.04010716724139995      7752.385060552648
                1500000      23.43352862532761    0.03886039148418436      10514.22995508548
                1500000      23.16257540971309     0.0385485152603296      10455.20598430353
                1500000      23.64414986683868    0.03840083599501468      8800.690231903849
                1500000       24.4950270495567    0.04022057565403665      7830.208851919447
                1500000      24.01794357004649    0.04074720479648547      9655.621077715352
                1500000      24.26242769930905    0.03977308814539419      8262.576593552561
                1500000      24.89261719983419    0.04005404365959907      6181.966223127886
                1500000       24.8136685554342    0.04015175486325929      6468.883690735162
                1500000      24.65737982306689    0.04092128487154977      6773.526280258545
                1500000      24.10142250956918    0.04020650416012773      9628.655238790983
                1500000      24.96620977348226    0.03949240140522117      5832.557550949668
                1500000      11.23411384704547    0.03852763995208988      27769.30567207839
                1500000      12.71495171540053    0.03943617226947867      20452.15002945084
                1500000      12.54021527774983    0.04057013206199926      21427.41721365505
                1500000      9.826874094677876     0.0371266385348183       26468.6829282934
                1500000      9.527771848803644    0.03777330247445716      27036.08701590108
                1500000      7.995907934305817     0.0369170974101163       21574.3240052444
                1500000      8.236198944136138    0.03763565718408334      21138.99533859006
                1500000      10.12647294390965    0.03729041240562943      27037.67883187492
                1500000      11.72384716461379    0.03732367959553404      23773.80731229978
                1500000      8.666485746005293    0.03795212843566681      22997.89222875241
                1500000      12.13595356172525    0.03982976734694355       23100.6048438886
                1500000      9.205093164463451    0.03784975321190329      25843.75001260436
                1500000      7.431971050963731    0.03835848320596161      18743.43167433967
                1500000      7.777481761251898    0.03721178457000235      20785.08992190969
                1500000      7.220623212308594    0.03759098979258882      19504.97441817504
                1500000      11.87992596435523     0.0372108849932033      21605.93735652451
                1500000      8.404233277060403    0.03714480064711319      21497.47053881223
                1500000      6.906436604286768    0.03651959531979897      19103.23164824752
                1500000      5.134957064812236     0.0322872392819616      20260.53133828816
                1500000      25.10754118511509    0.03835279476996711      4988.853041421538
                1500000      25.24810001360121    0.03929114929611873      4619.584311951849
                1500000      25.32358103830363    0.03963308041461219      4649.610854037805
                1500000      25.87718004055292    0.03857162407761758      3244.211578928463
                1500000      25.39620560221898    0.03923588210097395      4446.430002089207
                1500000      25.04059355891559    0.03876356281817514      4870.988695995373
                1500000      24.41728638850116    0.03987602332341585      7737.283427856206
                1500000      25.74317754612111    0.03886938767221642      2928.229501602727
                1500000      25.46969677050243    0.03951871138052369      4311.874130181454
                1500000      25.54023310715156    0.03890128542014899      3981.368936486107
                1500000      25.67411097031344    0.03846802014202259      3112.134127401143
                1500000       25.1772048624339    0.03902969950508225      4536.910277909248
                1500000      26.37319314305643    0.03934801158910049      2075.013695449597
                1500000       25.8111109236845    0.03843740856796475      3252.110472412615
                1500000      25.61152496220821     0.0383728124832339      3478.728444936004
                1500000      26.15777426641172    0.03899624088484224      2736.530938151384
                1500000      26.22689677272423    0.03922316219432137      2752.700816127141
                1500000      25.94815953932311    0.03896120505265462        2520.2212828693
                1500000      26.58899589847839    0.03922199079247314      2022.976206671242
                1500000      26.66103214690042    0.03900405243549917       1747.59884689969
                1500000      26.08790798073585    0.03878430553209047      2496.414317118627
                1500000      26.01597457324396    0.03910213996345432      2833.143341179364
                1500000      26.30067844368754    0.03975748511319479      2358.183162249281
                1500000      26.51716641704084    0.03944144154969539      2205.875106921621
                1500000      27.09090663795843    0.03970879812521596      1241.794196220591
                1500000      26.87444373286638    0.03957694805598002      1654.256926560966
                1500000      26.73097197368765    0.03927095509242941      1557.954673801763
                1500000      26.44512790205321     0.0395054901287507       2144.99799731344
                1500000      27.29590477392237    0.03854650877932807      925.4921059255046
                1500000      27.42809233125116    0.03864024274098077      858.0172457199125
                1500000       27.6237707757865    0.03892684999264959      688.5376231909464
                1500000      27.23180100969471    0.03876837586537434      1006.285883700438
                1500000      26.80265960895782    0.03971023758954824      1589.167667183826
                1500000      27.01952618552561    0.03905409634434523      1270.730080338917
                1500000      27.49423563625589    0.03860357062596243      815.7542304657907
                1500000      26.94902760897519     0.0393470732096062      1471.088430082841
                1500000      27.36260990400243    0.03874149910659434      908.3123682454672
                1500000      27.75679573171611    0.03816533589345639      515.5769687735308
                1500000      27.16241706997871    0.03893598793346047      1161.480070825888
                1500000      27.55815945753371    0.03869542523941871      741.2439230182842
                1500000      6.551648159246167    0.03805531368915134      23885.02750832914
                1500000      6.353995261625001    0.03752279930477827      21700.13445645518
                1500000       6.75147463910589    0.03549031304486714      19547.19219949525
                1500000      5.937910702305182    0.03692084503500339      23399.24230005521
                1500000      6.148942266861143    0.03737864315245638      21798.17528050767
                1500000      4.313504324519199    0.03091409735022076      26412.63336473854
                1500000       4.87316352428055    0.03187207563064819      24091.16733696029
                1500000      8.155710049267327    0.03712239605147463      20496.65434161911
                1500000      11.15083816690428    0.03779451085678408      25489.68581175233
                1500000      4.578306956740658    0.03096060911212377      25193.88004287714
                1500000      5.412203889085989    0.03508459719358845      24297.87271265631
                1500000      4.040115223931672    0.02893437211036467      23752.37183383938
                1500000      5.738048864667006    0.03500627302304962      22109.47772024206
                1500000      3.669582928293295    0.02935970856232557      36062.97239951172
                1500000      7.608972467832631    0.03597840382164775      18800.59262147077
                1500000      8.829416864859471    0.03602970572415274      21190.07863826367
                1500000      9.447982325177987    0.03625374906044698      23780.86883128545
                1500000      5.059986201282731    0.03168967099020962      19605.36225857646
                1500000       5.21477362178217    0.03244113009544996      24216.56508150411
                1500000      5.586802739120968    0.03358324642034716      22457.69027814717
                1500000      4.796282954456371    0.03006614453821741      20171.52894883384
                1500000      7.926409184693135    0.03386036161087472       14555.6532460445
                1500000      10.48435029725055    0.03554302857809142      22797.23951228814
                1500000      12.38156420165659    0.03597731719075657      16543.07836378743
                1500000      11.38872612889923    0.03415200053289344      17153.12247245207
                1500000      9.053045651017456    0.03400751814029755      17323.34130657632
                1500000      9.679909062276847     0.0326925502959857      17563.57275549248
                1500000      28.51233794497133    0.03786027329974623       202.952983006676
                1500000       28.3384503357435     0.0383074852005006      252.4556644782295
                1500000      27.87415480897637    0.03741894755505985      422.8965354686767
                1500000      27.81705954633712     0.0380532850884225       511.509068158456
                1500000      27.98701039290907    0.03734329187558964      436.5826176409866
                1500000      28.21470469089341    0.03795072525245972      336.9655529996398
                1500000      28.68477307126599    0.03857592077960955      170.4872394687841
                1500000      28.45520291245584    0.03792109671361584      226.9813021472171
                1500000      28.62601685833654    0.03791420543579434      179.8085099688332
                1500000      28.10031614452436    0.03736840342715587      349.3433196084268
                1500000      28.27480259719057    0.03875054939154921       292.007218356572
                1500000      28.56941434966133    0.03777069420819152      182.0640557056535
                1500000      27.69284349251678    0.03884541490531798      568.4568966796013
                1500000      27.93265421227778    0.03771047799980359      393.4144428861302
                1500000      29.07818574229291     0.0400650512211282       104.848332886733
                1500000       28.3957243609404    0.03785845151256188       239.000005553246
                1500000       28.1564194855141    0.03740143698353177       334.225265340192
                1500000      28.04302201588756    0.03767593950514616      354.1739963703421
                1500000      28.94089456636747    0.03926648139684817      106.9317157168161
                1500000      29.22318707302679    0.04021093821646001      83.94533522972434
                1500000      29.89686452111392     0.0393326636798472      26.03620517603778
                1500000       28.8143268184033    0.03896424346817965      147.5024353111863
                1500000      28.74844740631191    0.03882070594409427      164.2612054399092
                1500000      28.87754452047382    0.03869063593578806      125.8325809405898
                1500000      29.00578759409064    0.03968601846930488      113.6865810892333
                1500000      29.43904065948208    0.03989879118532282      63.28667265241957
                1500000      29.14806940533713    0.04042747338349507      89.61686502936968
                1500000      29.36338177962064    0.04062237576909646       63.8817448032002
                1500000       29.7151165397557    0.03942872520287958      36.44095654650284
                1500000      29.29401547717781    0.04009268683889806      78.60067271797836
                1500000      29.51031875108466    0.04005699407651671      55.08587359936276
                1500000      29.65243685384635    0.03955941513529154       38.5453256308524
                1500000      30.09430442016795    0.04019656676172836      17.98225527491893
                1500000      29.57855253250843    0.04128987349487676      46.70054347142387
                1500000      29.78007069415198     0.0399967204045371      27.95012179101725
                1500000      29.84155496604886    0.03909340505437961      26.49035660324148
                1500000      30.27687063298533    0.04022054602011853      13.86474584846896
                1500000      30.02945734055874    0.03985043531784784      22.81952590895522
                1500000      30.15376703339144    0.03937397870756205      16.54902783026672
                1500000       30.5316494461207    0.04048898576545701      9.761397162552022
                1500000      30.40679830970887    0.04066531965466439      12.79295115359314
                1500000      29.96588732900947    0.04062008091769877      24.14992446866621
                1500000      30.65575710635943    0.04044941200126155      6.807069610995712
                1500000      30.21087106682484    0.04009708018373899      16.36475073339145
                1500000      30.46914965024783    0.04013872776662265      11.84248688489697
                1500000      30.34247309011239    0.04064308845110669      13.43785532874139
                1500000      30.90787405827884    0.04135023964282305      6.856735761408906
                1500000      30.59684304407684     0.0407527716268498      10.44465099590937
                1500000      30.71442397103798    0.03947395839056191      6.560154671123694
                1500000      31.05486162974322    0.04364454852246834      5.713853143864434
                1500000      30.97581836811923    0.04201410801155274      6.655504031973558
                1500000      31.75248712166688    0.04190355311149353      1.413478965305132
                1500000      30.83526881644189    0.04143029829050243       6.75503139379142
                1500000      30.77193103920906    0.04046709563233565      6.247392541914719
                1500000      31.13410616513767    0.04261241563829292      4.849260824216395
                1500000      31.61494726581444    0.04199505094043287      1.718224288853481
                1500000      31.54125412136167    0.04136582192722395      2.475212425564373
                1500000      31.40110563722047    0.04246179769753629      2.962309183448502
                1500000      31.20512353870532    0.04127701870452045      3.275377302436984
                1500000      31.33026377476927    0.04053144937999877      2.975778686820757
                1500000      31.47497855110521     0.0415821072076593       2.51922838166384
                1500000      31.94973719687499    0.04072555465509024     0.7067278433597559
                1500000      31.68347361715827    0.04159276007431827      1.299646926419779
                1500000      32.54886347030894    0.04138283231977988     0.1293074249908457
                1500000      32.28250343661702      0.041862107595732     0.3162741611002506
                1500000      32.21008581655347    0.04214143053796286     0.4079571114687618
                1500000      31.27062160232706    0.04059163087457796      2.929683845737588
                1500000      31.82280907283209    0.04090519604029029      1.093643432765258
                1500000      32.01686918325411    0.04117745059623629     0.6561689470396179
                1500000       32.0739470840403    0.04001660128282476     0.5666873110423277
                1500000      31.88879822165469    0.04092156135265778     0.8540936350439211
                1500000      32.35010438128509    0.04150768441537049     0.2380017234337041
                1500000      32.61882723763295    0.04101341413584222    0.08658986352822945
                1500000      32.13853068673266    0.04095683308995126     0.5387541864063291
                1500000      32.48675412204208     0.0404133685996434     0.2161567382435038
                1500000       32.8839784287803    0.04208604444298947    0.04211223321921032
                1500000      32.42244789302511    0.04188468014083958     0.2222992279392917
                1500000      32.67918268759649    0.03994966289693263    0.09587962608136233
                1500000      32.80688121347139    0.04148689818447512    0.06385223875613782
                1500000      32.73978269364297     0.0412469466842059    0.06536506167121689
                1500000      32.94525963260217     0.0398856977034905    0.03167846035016176
                1500000      33.11803244040622    0.03873291038390011    0.01408240784513813
                1500000      33.75183041237653    0.04139958397500936   0.001740939070986907
                1500000       33.2885206288934    0.03845374580288823   0.007636599502076584
                1500000       33.2284746975434    0.04005026139108341    0.01149141358308752
                1500000      33.00666622310462     0.0400878707162451    0.02584951508287261
                1500000      33.39951564893764    0.03923338581346973   0.005538916059923325
                1500000      33.34205642038654    0.03901318847374356   0.007021714526975199
                1500000      33.17227354721919    0.03901543977204734    0.01169719918748127
                1500000      33.63756367656627    0.03933113308027113    0.00225860322282701
                1500000      33.51267208634262    0.03899026354638188   0.003572221891267399
                1500000      33.57188261134469    0.04014850809814725   0.002993942047748983
                1500000      33.81979473815731    0.04015646855462686   0.001301420390617533
                1500000      33.06747649482394    0.03912986344482149     0.0151236807277733
                1500000      34.33858485238085    0.03819557363263566  5.945155587896785e-05
                1500000      33.45586339462862     0.0384015810096733   0.004081468811297578
                1500000      34.18016673052196    0.04120064349611761  0.0002156892602431357
                1500000      33.69498162940514    0.03738046093521099   0.001303023128507855
                1500000      34.39564437625322    0.03931759339900725  9.299842774801001e-05
                1500000      34.00708864468771    0.03881725979547886  0.0004635556851919652
                1500000      33.89385312224634    0.03751142943266644  0.0005212308406662118
                1500000      34.12978846452921    0.03575161145441952  0.0001074148139581495
                1500000      33.94377573137971    0.03875907167490223   0.000582753285334863
                1500000      34.51754352581234     0.0422950295321443  3.198524168129398e-05
                1500000      34.07260108667655    0.03772722806296545  0.0001821311245619877
                1500000      34.25626210329132    0.04060929512816806   0.000137209672080903
                1500000      34.61292823094703      0.037271381404129  7.461965878072188e-06
                1500000      34.77489100652967    0.03597961117932938  2.411518134680762e-05
                1500000      34.65470162247292    0.03561191964602387  1.588385091813347e-05
                1500000      10.92252760890719    0.03166644688191149      14846.32428865749
                1500000      34.43829074467931    0.03715971366047361  2.696406051133513e-05
                1500000       21.1390235929363     0.0313333177879183      230.2093060846776
                1500000      3.439032953166069    0.02913035688191822      41401.67048902879
                1500000       3.15788743243787    0.02959057632891593      66962.99119164619
                1500000      4.247098594515658    0.02919523815848184       24335.1939561441
                1500000      4.514775016912797     0.0296459009418198      24524.51255113799
                1500000      3.892970813457405    0.02866997350693695      29839.19156340628
                1500000      9.886622320551798     0.0312396930775189      15027.72571345294
                1500000      4.377941660419221    0.02966393113626657      26332.26457069273
                1500000      4.640718310974113    0.02918901643986134      22597.10248295416
                1500000      10.70503280322123    0.03080594679832112      12849.67108992548
                1500000      10.26793882208741    0.03077556881655442       14215.7507001954
                1500000      10.81101915492357    0.02996680479395078      12552.99579639358
                1500000      7.370797927292347    0.03014607789148042      10308.41747363407
                1500000      7.061785233475364    0.02816181083034476      9591.736541196755
                1500000      10.07421343613405    0.02854545057442355      8611.181043412294
                1500000      13.12187796411975    0.03026265271166081      3772.796617655088
                1500000      13.02672154682159    0.02992018484697743      3256.090119962901
                1500000      11.59305304854633    0.02973050402035963      7503.058795710142
                1500000      12.93599170331791    0.03003471529412842      3607.642858507522
                1500000      7.165155339234533    0.02815850027295456      7735.314915160697
                1500000      6.957892497352322    0.02761699788733854       7921.43517290807
                1500000      6.410510919602254    0.02793723937779413      10887.81401926209
                1500000      12.00681113442806    0.02898962350876198      5458.122188971356
                1500000      3.729281803391128    0.02958483162677928      43158.41343623568
                1500000      1.984772148764782    0.02844259694369643      150261.3967692243
                1500000      4.098019448534997    0.02899134082161165      31069.47430229905
                1500000      5.352705478284917     0.0281415468823641      15485.92362795128
                1500000      6.609803870485001    0.02781489834012189       9503.41687778684
                1500000      5.993695186507691    0.02747444022922717      12062.75136609136
                1500000      3.318331497808717    0.02970772921852233      65103.58028214722
                1500000      2.484425031035128     0.0306043167928641      154537.5192419318
                1500000      12.58673243586962    0.02858369452333587      3170.219478007286
                1500000      3.026205699265672    0.03077971518208309       101651.442785102
                1500000     -4.662134526637646    0.03366729780379241       1.13710340903894
                1500000     -4.510115233626544    0.03226191796733287      1.322310449561403
                1500000     -4.361830283028119    0.03287305936132447      1.646698377413165
                1500000     -4.197353428387149    0.03371946310498185       2.37466028587292
                1500000     -4.557446495256113    0.03265510444214602       1.13258506106797
                1500000     -4.414559304103961    0.03268090498989125      1.348428079334549
                1500000     -4.308600234852796    0.03339799054892977      1.852680496761594
                1500000     -4.833163995290463    0.03410948684692926      0.806103238945772
                1500000     -4.462303944033391    0.03244016719185329      1.351327020101488
                1500000      -5.05696619379154     0.0337831052652209     0.6146284240885582
                1500000     -5.429627635732343    0.03248266041112964     0.2716735072961886
                1500000     -4.892065242965758    0.03367953184945664     0.7368010943883679
                1500000     -4.774343921316321     0.0339428652330562      1.072093023611391
                1500000     -4.948402302195607    0.03326854087844325     0.6999646606452886
                1500000     -5.529834894634332    0.03239073293352049     0.2195526741755456
                1500000     -5.170424087585166    0.03338129963088465     0.4568631227861094
                1500000     -4.606425260020552    0.03279589191070168      1.047077545208216
                1500000     -5.276317156476385    0.03345469697824381     0.3438493588568739
                1500000     -4.717287685671858    0.03329455884098718      1.190533327701063
                1500000      -4.00843505605836    0.03420316191922737      3.372078495874306
                1500000     -3.872102165156787    0.03533978174568603      3.821525156389108
                1500000     -5.113473816423827    0.03387124392610277     0.5213066566482654
                1500000     -5.223053182579831    0.03333972315973248      0.402941768667453
                1500000     -5.000648963414064    0.03337238687242124     0.6601849424880716
                1500000     -5.329388714334979    0.03297585298430667     0.3184827949301738
                1500000     -5.381643055451184    0.03282613883543247     0.3044421188732829
                1500000      -5.63229135021236    0.03271230145128343     0.1433455163869974
                1500000     -5.581631180672024    0.03293526648407585     0.1823581244317712
                1500000     -3.664416709921763    0.03404712436774407      4.676298656518446
                1500000     -5.480466195275907    0.03255017146413146     0.2558405929959852
                1500000     -5.789603318748266    0.03278347021742505      0.126794772622224
                1500000     -5.683599430103534    0.03334668309045709     0.1422866678835518
                1500000     -5.736094297853259    0.03304249233774137      0.150425918478392
                1500000     -6.146975337242287    0.03252135649358194    0.04857288584984268
                1500000     -5.998832561711578    0.03345778233803107    0.07405157872769337
                1500000     -6.373853343648519    0.03443603483608516    0.03043006849194104
                1500000     -5.943775490588864    0.03326751130783515    0.08368197155870265
                1500000     -6.199132613502174    0.03323306085497098    0.04044334857484824
                1500000      -6.05166586204076    0.03256337938215629    0.06307017298825583
                1500000      -5.89149394256187    0.03282254105803746    0.08958121250549365
                1500000     -5.841452382061496    0.03246089864160735     0.1178836716376498
                1500000      -6.43722234524777    0.03526274707886121    0.02704820322084818
                1500000     -6.311750506234882    0.03451937647038817    0.03093465130491488
                1500000     -6.560425760241298    0.03313809547492887    0.01485000754244513
                1500000     -6.255185691374122     0.0339892689924594    0.03478515615945022
                1500000     -6.795498989247716    0.03266874538601535   0.006325457511044096
                1500000     -6.503093549787468    0.03477805781356758    0.01812494961872306
                1500000     -6.657789185462207    0.03244248973078511   0.008975464507948977
                1500000      -6.09968222354579    0.03249902258301308     0.0482274762106616
                1500000      -6.74935891876345    0.03200107875135128   0.004842457649100184
                1500000     -7.016395379958925    0.03302078869951858    0.00265365058631074
                1500000     -7.160677526509394    0.03302074570579606   0.002095674174786722
                1500000     -6.850097085968667    0.03356024756088705   0.005953033054211068
                1500000     -6.606894009315544    0.03222024907940344    0.01058553932631307
                1500000     -6.964067983094494    0.03382021587604861   0.003519809963326217
                1500000     -7.270092416363419    0.03298068500506317   0.001042041262375092
                1500000     -7.216471804806369    0.03250045115867702   0.001574046744070607
                1500000     -6.906300365508256    0.03335933519984094   0.005312555464658659
                1500000     -7.366469920624205    0.03425225375300613    0.00100573867517153
                1500000     -7.492646389543389    0.03419590446111315  0.0006982356197005257
                1500000     -6.703150278989194    0.03206955550819506   0.006060756212322868
                1500000     -7.106946705973018    0.03214517087656517   0.001810431985290421
                1500000      -7.43333691457121    0.03345494955856508  0.0006779822788895518
                1500000     -7.065255779460804    0.03244683867336001   0.001694433650684216
                1500000     -7.548818062752295     0.0338116201937971  0.0003883078842306176
                1500000     -7.314821248496489    0.03180635164504975  0.0008329555412575587
                1500000      -7.71634494538783    0.03319202657532361  0.0002394487427900632
                1500000     -7.920543409742125    0.03126201509266947  8.853686525049706e-05
                1500000     -7.802918976897213    0.03235649584078612  0.0001416036712295008
                1500000     -7.649740248235775    0.03274001255396956  0.0001913376419171867
                1500000     -7.864653906409098    0.03221406582335684  8.873480475849471e-05
                1500000     -8.216458215139026    0.03088097434029222  1.893679246794477e-05
                1500000     -7.599025350314449    0.03268093106746861  0.0003063481992985266
                1500000     -7.763393847938475    0.03047539306659015  7.254651802073341e-05
                1500000     -8.291539634650565    0.02942875572427883  9.436834699715868e-06
                1500000     -8.435195526617488     0.0295864462372618  1.894501594762901e-05
                1500000      -8.01664677144529    0.02942118212144353  9.442341880661393e-06
                1500000     -8.060037669348123    0.03104773467976595  4.807279923097709e-05
                1500000     -8.163973672709844    0.02940871727896593  9.477583178106449e-06
                1500000     -8.562487446527406    0.02937245421114425   9.45374236899563e-06
                1500000     -7.966727864985705    0.02936143246947314  9.664625978349824e-06
                1500000     -3.475165802272891    0.02831165669102322       4.17383156770753
                1500000      3.495531671275178    0.02850336571726162      45050.70771233414
                1500000     -3.270089906610488    0.02928287443394724      97.20852361706773
                1500000      7.481519384147959    0.02681086903588871      5740.225655267352
                1500000      3.611733603006656    0.02874672217571286      39263.13929469449
                1500000      6.203012598536067    0.02722883658725003      9758.943569254914
                1500000      8.710480024574354    0.02573295078787797      3392.849848517074
                1500000      8.532523308826125    0.02563463963587143      3651.356934960891
                1500000      6.098462467974418    0.02595855950031131      8162.224269761952
                1500000      2.894861466460322    0.03006541635533529      106955.4804372473
                1500000      2.608908601629076    0.02909433919816124      145881.2441625146
                1500000      1.801616428345172    0.03070521093187307      202903.3493353178
                1500000      1.501123582792623    0.02888438303670281      176342.5842136268
                1500000      2.717431351365233    0.02855719929849196      82477.84198904387
                1500000       2.34949151835581    0.03021714343525459      154824.0204581155
                1500000      1.375215764113722    0.02961337579301739      230603.4186531111
                1500000       2.14981567717442    0.02967054737904537       194157.399983306
                1500000      1.657858076099888    0.02966274886865174      217631.5428398065
                1500000     0.3688172627023122    0.02913246706808067      262122.4940804435
                1500000       0.17557707721003    0.02761788350907044      193857.4901539946
                1500000      1.017336053553638    0.02854834799939107      226762.6418033972
                1500000      1.929832972479383    0.02891245105354666      180285.4853787274
                1500000      2.036286846940404    0.02792823907475036      160559.0813336739
                1500000     0.8498519473266809    0.02888088539827697      233438.3045519771
                1500000      1.237325596678706    0.02836210949255713      236263.3559924675
                1500000       0.72032410067195    0.02919754356421179      273915.3646984695
                1500000      1.131528798961594    0.02674738983495576      145736.0441129223
                1500000     0.5007799550838541    0.02774082854793903      218933.1366847489
                1500000    -0.4920397639961429     0.0285174988048503      118819.6647138458
                1500000      -1.04921095668047    0.02850164782364201      71386.75161567333
                1500000    -0.3016086713180552     0.0270536159452139      121744.8069630704
                1500000    -0.1314036202297332    0.02655986383643804      147752.2948028077
                1500000   -0.03054777645682638    0.02624809482997303      154091.4551098235
                1500000     0.6004208588415821    0.02638126698591322      190958.2169481646
                1500000      1.548564200114221     0.0258726402302116      128863.6646121982
                1500000    -0.6864457743903664    0.02702505822079965       70368.3579633445
                1500000     0.3178200794172204    0.02662568950853379      188130.1584110399
                1500000        3.2077110956705    0.02695916623380789      49354.54109283144
                1500000      3.844634246941571    0.02668521903676127      27648.87425403775
                1500000      3.994083338574737    0.02612572630957578       15648.6669401334
                1500000      5.887208204084078    0.02585640846253271      9522.940588089128
                1500000     0.2160636718560226    0.02561528680681112      165358.0511708723
                1500000     -0.871386264410434    0.02720333095584233      60497.92510595464
                1500000     0.1356562361740208    0.02544283181126462      136559.5995466642
                1500000     -1.296570107726256    0.02809882289054958       77481.8065531576
                1500000     -3.133928426612769    0.02907552296079292      532.4009134591028
                1500000     -2.657008293456419    0.02953889249384539      41310.43711284981
                1500000     -2.523251781745537     0.0292918047609438       63785.6941801833
                1500000     -2.293558113817872    0.02843632709300113      145365.9319222269
                1500000     -2.413758105583032    0.02792963530557608      101616.8067036496
                1500000     -2.781123494016833    0.02758736216113267       12560.5998411815
                1500000     -1.543812842381526    0.02763961471930815      99346.29005980828
                1500000     -2.192908392855043    0.02747970551067927      131017.3448488402
                1500000     -2.871171436304882    0.02692624308454844      3489.832887695788
                1500000    -0.5878291291475296    0.02584555273188252      55731.83272549566
                1500000     -3.383933092738805    0.02655365071196062      10.05593043288293
                1500000    0.04958795047901664    0.02496358127319837      113567.4805064524
                1500000      4.921658587814646    0.02612292977098771      13964.23428249046
                1500000      5.788835780512732    0.02590205629164861      8447.126403054512
                1500000    -0.7717782009128394    0.02524458826158977      31238.86646436185
                1500000     0.9754681743787214    0.02475323976464843      131844.7174623982
                1500000       0.89174318259848    0.02468934659581959      120272.2726341176
                1500000      4.203431140489771    0.02555820582615975      15821.53993634515
                1500000      6.306255265328923    0.02542557463876546      6383.460990899207
                1500000      5.016569503675751    0.02545713688639969      10662.45596158105
                1500000      8.622253930995326    0.02538235060502396       2797.40890519498
                1500000      12.18329347651854    0.02559682065444153      2193.814420589556
                1500000      5.460950820858623    0.02574858900681547      8488.803474123144
                1500000      4.752697826431669    0.02559529164684829       11654.8868802387
                1500000      7.735217730429471    0.02548881360536797      2523.871959849265
                1500000      7.263332583716976     0.0251028996832793      3041.675183992013
                1500000      6.708979771397775    0.02512837744096108      3391.178051008866
                1500000      9.248694562324777    0.02534998228875307       1947.46589513896
                1500000      8.281895887684341     0.0254849885604413      2081.213195190089
                1500000      9.163581253377691    0.02523754798939106      1602.805135300239
                1500000      8.444324110217089    0.02504370928575025      1283.930219810123
                1500000      11.10636016145002    0.02509163798750091      1875.026196640472
                1500000      11.02529621330821    0.02505475698044985      2038.621105572271
                1500000      9.572592379655235    0.02499011422401153      1428.932244975399
                1500000      10.60193402666573    0.02473917952843157      524.7202882621543
                1500000      12.84380625802314    0.02351596383343908      37.05090434312213
                1500000      13.45631128290954    0.02343173658473507      8.830084294954261
                1500000      13.54180338578814    0.02343166431393444      8.806835361994812
                1500000      13.71656637384998    0.02343124533052012      8.425195436649322
                1500000      13.21421830084477     0.0234299186077637      9.428735876748714
                1500000      5.173918336693094    0.02489782656933614      5487.544983574689
                1500000      4.833672487089754    0.02485930855179248      6357.796772930742
                1500000      5.097076281252083    0.02487806928304849       3934.83791709348
                1500000      5.625961486544362    0.02475351973470738      3393.172838046043
                1500000      10.16992269523024     0.0236061315346758      35.35667044870507
                1500000      11.19440637031956    0.02313479354389643      11.98801231362907
                1500000      4.278766622842825    0.02410043701495551      2532.144816977895
                1500000      4.481111340240187    0.02408764668460687      2551.484754168852
                1500000      6.868185810045541    0.02438426260536138       370.513429880081
                1500000      9.488119812848327    0.02289926978507533      11.61601336751018
                1500000      1.762226953994601    0.02408838619752882      50635.47313487654
                1500000      2.449700679589498    0.02383294452581612      23022.95250093929
                1500000      2.248802155807552    0.02378312601387003      31327.20211694712
                1500000      1.336713872072938    0.02373355083373485      65016.62917130976
                1500000      8.113817341744015    0.02180342967662201      8.824098141133659
                1500000     0.7531881846457446    0.02325550904982304      15987.33376574943
                1500000      3.059369652954655     0.0230854397906322        2203.6061099533
                1500000      4.546738352592406    0.02166589460706668      9.696527377059686
                1500000      2.928180805914467    0.02175010823726224      114.8293395595675
                1500000      2.995115000204855    0.02165944684110494      36.87987231687961
                1500000      3.760333867591909    0.02165880409847173      16.93392751043701
                1500000      2.864185412147127    0.02160974799010691      33.85967339717209
                1500000    -0.2113108064919138    0.02298601623094047       10573.2216357733
                1500000     0.4015614294427846    0.02299001699281434      10618.63071207151
                1500000      1.834346292617446    0.02154604991327166      65.14958652715846
                1500000    -0.3846621219613369    0.02317886805297837      2672.991621246124
