#! FIELDS time ld1 sigma_ld1 height
#! SET action OPES_METAD_state
#! SET biasfactor                       8
#! SET epsilon   1.153581406617129e-07
#! SET kernel_cutoff       5.652472782993875
#! SET compression_threshold                       1
#! SET zed      0.0272044228078714
#! SET sum_weights       4272363.022440903
#! SET sum_weights2       15819045.33290167
#! SET counter  3509982
#! SET adaptive_counter  877500000
#! SET sigma0_ld1      0.3267767336514422
#! SET av_cv_ld1       33.20770085864059
#! SET av_M2_ld1       553660476.6992078
                3510000     -2.353660928182265    0.03046333317361009      1074244.029148047
                3510000     -1.360874000749013    0.03238180847769446      647821.2566000513
                3510000    -0.4278422637264936    0.03353013684107845      393626.9854675621
                3510000      -1.86144864206566    0.03076212781367166       1786119.16859525
                3510000     -1.115418172908686    0.03410234937801813      405953.7936091003
                3510000     0.6555104277450716    0.03165771278565657      625282.1456090125
                3510000     0.9326837502808333    0.02997604920123252      438666.7954412383
                3510000     -2.138361674407396    0.03039963242558172      1534311.851181469
                3510000     -2.925632304666499    0.03134977023002377        31120.008618162
                3510000     -1.600685932060089    0.03058081848429051      1052775.832901747
                3510000      1.596272638275812    0.02946426452160491      404391.8940519942
                3510000       2.09022634879034    0.02883462871261542      318594.6338927732
                3510000      1.296120816704373    0.03089572260072692      498994.1378333212
                3510000      2.548066295800671    0.02991650148122699      305775.4088062764
                3510000       3.79288795527608    0.02905556041324973      99708.54331613632
                3510000       3.25873077860373    0.02879008688440042      140285.6953584925
                3510000      4.440963653049268    0.03009808034139255      62697.87253628347
                3510000      4.969936077459844    0.02980707663308761      47150.11918520348
                3510000      5.513521786937256    0.03165208268590238      59772.15540496888
                3510000      7.009841611268658    0.02864112027915293      79214.12308543162
                3510000      7.531073652947343    0.02826862280589405       85422.9986601219
                3510000      6.048225672034202    0.03030872630536035      64251.75704156662
                3510000      5.838115553524092     0.0310143011481366      61409.47801083419
                3510000      6.662520253118855    0.02869943608887961      69927.87568894571
                3510000      7.855994569303361     0.0274200108237406      81859.23797344729
                3510000      8.577380270723806    0.02826901705254839      92889.60625134736
                3510000      8.323991178655756    0.02764088035976311      86903.26363207542
                3510000      2.960957413495173    0.02982446169649501      209263.9101795341
                3510000     0.2658727515123224    0.03096948498923964      529349.8238144068
                3510000   -0.08052186381956059    0.03107429153032497      441753.9870334102
                3510000      1.870115366099654    0.03023148703777937      386537.5562697171
                3510000      4.703790343965371    0.03072623442109345      58930.90094943313
                3510000      4.156122047073809    0.02943065331940951      77817.98887189555
                3510000      2.287061820297214    0.02986185806541512      283928.8161374008
                3510000      3.552216679993054    0.02851778142139156      109426.2361030122
                3510000      6.466753721851834    0.03014034657621827      73523.47958648556
                3510000      8.907380719540628    0.02848046115909895      97412.72119291112
                3510000      8.074475712262467    0.02797345506779012      91194.77851213372
                3510000      9.370390471137215    0.02824722583922899       93885.3183121754
                3510000      10.21140408865174    0.02904105252718601       94842.5099786942
                3510000      10.40591329278264    0.02912976370948386       90163.5286244997
                3510000      11.06583249331744    0.02897477529502841      78424.51026203191
                3510000      11.54043548293482     0.0301156981864725      86112.99997896007
                3510000      10.86517124902566    0.02865914540291795      91999.18682341464
                3510000      11.31747258582663    0.02941219198061938      79460.52720255755
                3510000      12.05496255902182    0.02961907783231821       74763.5306106674
                3510000      12.63508908142169    0.02991440983902803      73144.58806018956
                3510000      9.617191840939268    0.02944809714075098      107394.3543323069
                3510000      7.312011064180934     0.0287735309370441      86810.04313283268
                3510000      9.121866521162232    0.02801382028136854      86906.08914858324
                3510000      9.945592167500395    0.02900926948014683      100677.1836998148
                3510000      13.25369372615375    0.02953754691005991      66012.90417748908
                3510000      12.98130066467097     0.0292926400928933      68181.39441346769
                3510000      12.31182522051558    0.02945844109737195      75984.36814020408
                3510000      13.49977024506111    0.02978637881814181      65004.44943178555
                3510000      14.35492840501226    0.02938278639887785      56460.58396003699
                3510000      13.76118016562073    0.02966506057266042      64167.92395778726
                3510000      14.10906976727431    0.02999782923664068      61504.28769567261
                3510000      14.86109270333537    0.02913223070697659      55285.43175943622
                3510000      15.06111713518151    0.02913208895286876      52938.26985090847
                3510000      11.80228824690628      0.028913118720745      68869.29184545661
                3510000      15.32268176009951     0.0296004580443014      55762.99258588535
                3510000      10.64787793385061     0.0293516382391357      96380.68462781329
                3510000      5.289828822529929    0.03238468017897302      61320.65301486671
                3510000      6.256661967595093    0.03027067062941791      68151.71637774148
                3510000     -0.816891557879225    0.03349475492957556      272273.7826066918
                3510000    -0.6353023004229083     0.0317942710560678      224017.1216313998
                3510000     0.4408323262336174    0.03201461910073059      594734.1462084609
                3510000     -2.725104070161589    0.03025962945222157      142169.1190663869
                3510000     -3.326831934520341    0.03264108896970801      261.2830484626777
                3510000     -2.591462507286878      0.030778718451224       363531.985527458
                3510000     -3.198316986948698    0.03254304567093206      1388.080482175557
                3510000      -3.52767103362352    0.03331980864755964      20.69501313834379
                3510000     -3.805193006622868    0.03475866032882373      5.116946199713007
                3510000     -3.736221277760257    0.03485900471354789      5.625325654204827
                3510000     -3.066077995007738    0.03160322293882342      6760.015535465699
                3510000     -4.071869018073576    0.03450931134347451      3.401910792093554
                3510000    -0.2490155471414796     0.0310809929537512      355120.3544450775
                3510000    0.09199629756926458    0.03002408393842034      418401.5376482893
                3510000      1.077145163750421    0.02934961186387057      405602.8673993915
                3510000     0.7898594828004346    0.02920871976444745      403095.1561006767
                3510000      2.774558031826972    0.02815963982670415      144985.6453178806
                3510000      1.719291674567984    0.02873759827095326      290118.4241252809
                3510000      1.438986747960045    0.02893256883532954      325674.2595168191
                3510000      1.182202431740345    0.02716889207011594        289712.85278672
                3510000     -1.992494607157976    0.02881351651196735      1329959.001697872
                3510000     -1.730539220035175    0.02892629174024745      975977.2606562085
                3510000     -3.942472872608065    0.03497981029977681      3.594961138623956
                3510000     -3.595891103228018    0.03166038722974419      12.49464312148412
                3510000     -2.464545937247554    0.02779440516812269      494923.2267772375
                3510000     -4.252681433944221    0.03319568207644429      2.282722536636562
                3510000    -0.9916052475495148    0.03023628005619394      205075.3438653343
                3510000     -2.825133113488891    0.02679483574222403      44734.17919405826
                3510000     -1.242977846983386     0.0289317841560907      336853.3231311202
                3510000     -2.240733560499422    0.02717387632287481      932186.4726827053
                3510000      -1.49264634078964    0.02836443611943526      592608.0107061621
                3510000     -4.138941661647458    0.03390299496228921      3.229743795728075
                3510000     -3.423947133252922     0.0285536003123987      44.61791425736209
                3510000     -2.985670501201499    0.02668514060755731      12252.09085046947
                3510000    -0.9213436234671054    0.02850743484787772      162152.0850646038
                3510000     -0.544503310166864     0.0278997971612257       167310.247529724
                3510000    -0.7337324867765148    0.02789758841395857        173044.81788802
                3510000    -0.1781608588105966    0.02758649251209613      292056.2746476915
                3510000     -1.672868569402205    0.02651112735953603      824077.8258019724
                3510000     -2.065822763553436    0.02549474181369732      904775.8556702583
                3510000     0.5522333057163226     0.0268471090765649      320829.3504709548
                3510000    -0.3510944992406423    0.02801095398090304      250584.6482428432
                3510000     -1.428898956881394    0.02695511041977639      484081.6953439617
                3510000    0.01136828715879959    0.02633975600168339      295397.1012605262
                3510000      2.411619668430074    0.02859166408797901      191763.9913212177
                3510000     -1.184206933151058    0.02684241257408431      268629.1718006615
                3510000     -1.935457199724319    0.02621806371294055      1199106.637350837
                3510000     -1.803259067822859    0.02594729248858292      1015140.846498251
                3510000      3.946856742311805    0.02677484347873861      53491.99807989097
                3510000      2.662457218583409    0.02740441720678838       166018.291654565
                3510000      3.096862216214755    0.02874151902881955      132591.4289155764
                3510000      3.378176165473384    0.02791783899632143      101878.4302262623
                3510000      2.209777851643032    0.02882873003919045      267854.2631433344
                3510000      2.834581018160227    0.02835293733154607        162254.58365712
                3510000      6.824813005158211    0.02827348060221364      69746.98522298643
                3510000      5.668454433981366    0.02911228344893245      46332.26277684762
                3510000      7.689433239384417    0.02746532837988884      77960.72782969532
                3510000      7.113862255880044    0.02801462482220728      77120.95308588108
                3510000      15.66233277257244    0.02982039963684407      47765.82844406594
                3510000      14.65212822570675     0.0286899502190166      53457.80200367646
                3510000      15.19011287214284    0.02898265247153956      48067.94675540312
                3510000      14.72264073364595     0.0288489365627311      54920.37958647938
                3510000      14.50262625663371    0.02919357267652034      55130.81498732547
                3510000      14.58181418237258    0.02907393176526755      52152.20180344957
                3510000       15.7970756061751    0.02956198778788573      49287.68098414554
                3510000      16.13212661289337    0.02997729189400081      45844.52745995088
                3510000      15.52443602366442    0.02949663331599309      52672.95127665212
                3510000      16.06998625510708    0.03030044294064504       45905.1513663985
                3510000      15.93222307077305    0.02985734905150079      51143.84798790403
                3510000      16.26617072643667    0.03002878899987235      47675.57420287518
                3510000      15.99632740194902    0.02998002385071973      45912.70935857401
                3510000      16.39460531046844    0.03001282151915644      44620.12652170068
                3510000      15.86796452622454    0.02991555026099822      50280.44373126661
                3510000      14.98955576477278    0.02896501860131196      51738.04535041386
                3510000      15.73438662537361    0.03008749010789079      50701.98245095821
                3510000      16.32956166878595     0.0299236386191842      44839.36465890682
                3510000      15.12356839149616    0.02902598236276352      52638.15945227903
                3510000      16.90771087622296    0.03212236529040418      39515.26784459327
                3510000      16.60503675106647     0.0309647709298166      40365.93928767723
                3510000      16.46178283622045    0.03040323396813773       45144.1398877572
                3510000      16.20221440539073    0.02977719522356462      44562.97744967812
                3510000      17.26336866328556    0.03048672544976397      34512.90503738879
                3510000      17.12615336580438    0.03164698041268137      37665.81647624403
                3510000      16.98476741657766    0.03202381330373482      37181.50912655738
                3510000      18.10282906146221    0.03158822254666178      26798.20964702344
                3510000      15.46206677965592    0.02923457290116108      48161.46548551006
                3510000      15.39065114665137    0.02945624067061542      50150.78912026245
                3510000      16.75509677477804    0.03184306561549458      43099.39659201355
                3510000      17.39072693886174    0.03043481161663078      32843.82831814326
                3510000      16.82865178430115    0.03202153312768166      39500.67553961706
                3510000      15.59299625928603    0.02945199043409189      48768.56980924091
                3510000      16.68012062435808    0.03153562525407955      41108.73589982474
                3510000      17.32749551257147    0.03059656605284631      32978.28564200048
                3510000      15.25934317247204    0.02923426055361301      56000.50220443944
                3510000      14.78517892052369     0.0290919797848914      55968.32129603284
                3510000      17.05842673128063     0.0314539132650706      38247.41898601365
                3510000      17.51553479001302    0.03087201389635362       30970.7942260654
                3510000      17.19885271589929    0.03126986898134399      35113.23641218648
                3510000      16.52934437873882    0.03117873104533329      43343.13505029376
                3510000      14.92295470971221    0.02903052494702836      58133.52908379459
                3510000      17.45233583866398     0.0302068034464722      30238.39355931176
                3510000      17.90309294165365    0.03128215634128251      28463.70171868259
                3510000      17.84051960810846    0.03076146164106762       29258.3581115729
                3510000       17.6443772366938    0.03176314863575395      31808.44433510943
                3510000      17.57812533928283    0.03089147650121341      32016.17116486998
                3510000      13.93371860509343    0.02976537368538996      60886.13336303062
                3510000      17.77762816810635    0.03108765470226016      30516.89963376443
                3510000       18.5667834923124    0.03309607493775647      25608.26347698271
                3510000       17.9704772451025    0.03161605019674815      27448.21179820535
                3510000       18.4956843821815    0.03293749829800872      25785.50380417872
                3510000       18.6410820520764    0.03376972177139959      25467.32133356952
                3510000      18.16586429233449    0.03087304026600571       26381.6713400239
                3510000      18.79432340828409    0.03390393180389602      24244.31860931676
                3510000      18.35517758848335    0.03167486244454166      25098.43285349665
                3510000      14.27364781830734    0.02974572970671739      56687.86565141692
                3510000      14.43002568702279    0.02920462595940259      56690.03406716314
                3510000      18.03762529812349     0.0315157550825659      28076.11842799963
                3510000      18.87288800840571    0.03418558584107113      26183.04335096502
                3510000      18.42252049328393    0.03252594411934871      25947.30481529104
                3510000       18.7181095961957    0.03360221168289457      23614.53310806153
                3510000      19.09926441180009     0.0343841440228738      24706.75275795882
                3510000      19.87964628938605    0.03463505319171105      22868.53939359033
                3510000      19.02576470411639    0.03403097134475019      23591.11295169253
                3510000      19.39415412518253    0.03408474990286046      23215.19558725165
                3510000      19.66943753557105    0.03351801310038591      21402.74294837575
                3510000      19.53580616620081    0.03349848800360668      21558.24839368203
                3510000      18.28961204355059    0.03115100366882305      23295.24556484382
                3510000      19.46712813582939    0.03363226157219875      21374.28251553553
                3510000      18.22615048428335    0.03111082586310773      24716.81390777238
                3510000      19.24862033282232    0.03391519687429907      23119.48423559273
                3510000       19.1756271611503    0.03388652896528566      24211.92743982732
                3510000      19.80658401141999    0.03467214426202993      22541.88551711449
                3510000      18.94501094492536    0.03379633040205959      24391.88286590406
                3510000       20.4926944409598     0.0348850711381891      21024.84928124337
                3510000      14.02019963663293    0.02977998974891119      60448.39057106783
                3510000      19.32068824012376    0.03379386716921242       24596.3409853888
                3510000      10.75913518298056    0.02885592718175632      84804.60161974125
                3510000      8.757098702961597    0.02789519418548845      89740.28509320649
                3510000      10.02537549129393    0.02877564770480746      102552.3981818025
                3510000      9.745631873586159    0.02910940840599889      101146.0881202944
                3510000      10.32287595664517    0.02892699730746738      102105.0034272454
                3510000      10.56242544031729    0.02881613202987203      85602.80694228357
                3510000      9.290400059998108    0.02835188879142378        97401.461710163
                3510000      8.487839128076908    0.02782910877635284      93528.49827494183
                3510000      8.982128729342204    0.02816281752813222      92714.99166163916
                3510000      10.97879135721602    0.02919905240126857      84166.43807047314
                3510000      13.07378170932499    0.02917140224547364      64294.75786355376
                3510000      17.71188308964545    0.03167400509496802      31039.83402025449
                3510000      13.84732102528115    0.02991051924849173      61932.06453229984
                3510000      13.58678203316556    0.02985451652990887       66110.0832716365
                3510000      19.95010726226027    0.03431642931172704       23294.5629136452
                3510000      19.73624284449972    0.03380404964953531      22232.07447842937
                3510000      20.22542770184729    0.03396047590312386      21689.84344851756
                3510000      20.77592975396465     0.0361640506984882      25080.64460344632
                3510000      20.08969888610054    0.03452838860749897       21002.6484608935
                3510000      20.85151737701367    0.03703795292352759      23021.33420422675
                3510000      19.60387854585831    0.03329900023404309      20833.95442580282
                3510000      20.29107418704595    0.03419093281125823      20632.12490733721
                3510000      20.01999357418987    0.03420754881061757       22296.8574401957
                3510000      20.35822223010335    0.03445226321776186      22280.34150169503
                3510000      20.63058807794684    0.03525486497489524      22028.59189466191
                3510000      21.27271140609067    0.03823795662108353      25094.88305817365
                3510000      21.01332719206495    0.03818302832019801      26256.72781405448
                3510000      21.09652624058025    0.03844529503846396      25088.79522440852
                3510000      21.70848761356942    0.03603386421571205      19205.40872166436
                3510000      20.93246442677468    0.03759096761370426      25996.56748910438
                3510000      20.42526889673431    0.03461233225904482      21401.85218027646
                3510000      21.18767573981699     0.0393661755414412      25869.72708600282
                3510000      20.70319030902961    0.03588609640403396      24062.81221230754
                3510000      21.56856603610979    0.03670159644648967      20052.06939738141
                3510000      22.11958045306106    0.03651388861864339      18433.42904228919
                3510000      22.26968621050373    0.03815876150957469      17839.27038321338
                3510000      21.49903815479064    0.03623919517881358      21040.11740793024
                3510000      21.35409148646071    0.03743736868000585      22850.75705167681
                3510000       20.1591717947391    0.03411933503551929      21031.13140719776
                3510000      21.63963571888684    0.03626592147587013      19270.38076633133
                3510000      22.05229688432144    0.03650233036353816      18767.23309225105
                3510000      22.34652686765666    0.03806691282356702      18892.97360539764
                3510000      21.77507581173083    0.03637410873746408      20535.75988799452
                3510000      21.98348398080742    0.03659241783261959      18190.81937341168
                3510000      20.56159345860495    0.03480862801603246      21570.51691352169
                3510000      21.84474441943342    0.03672071200540929      19225.55021455696
                3510000      22.73041306099308     0.0381004042933634      16356.56524587543
                3510000      22.58207616457284    0.03820348317208703       17170.9951529342
                3510000      21.91348653221759    0.03652509779130998       18545.4490006835
                3510000      21.42932161420117    0.03641791844348623      22157.21392188473
                3510000      12.45809625363982    0.02932571252341304      67265.96275376165
                3510000      12.80024726337988    0.02950024640733665      64210.73333327552
                3510000      11.95811669426441     0.0295293566889001      73316.79646606791
                3510000      11.45766771717055    0.02924434573745528      74116.48275557783
                3510000      12.23088436342962    0.03052351869844318       77855.2228465994
                3510000      11.64463101972138    0.02961077492391001      72865.79843945874
                3510000      13.33620543451914    0.02904040026233394      61022.64452868892
                3510000      14.18814963547509     0.0295478784880666      60181.61716156542
                3510000      13.67428337944806    0.02936508004825879      62278.61431205992
                3510000      22.42514629364923    0.03844717238571308      18658.48608821835
                3510000      22.50564562736079    0.03836244841091741       17668.7808097154
                3510000      23.57538209561368    0.03752835489410099      11059.29134140345
                3510000      23.29554680064899    0.03700763631211779      11323.33330777999
                3510000      22.87962108806179     0.0375960535518069      15078.90349469118
                3510000      22.80465129990075    0.03810017620528799      14874.57318036721
                3510000      22.19015621737231    0.03757694014664929      18545.00735459789
                3510000      13.41414137753543    0.02910984006005861      62854.74379603581
                3510000      12.88766064929028    0.02994520474723457      70109.79730278793
                3510000      13.17219988056477    0.02972092899542119      69440.28726383546
                3510000      22.65595895574022    0.03770177406769597      16769.19876630626
                3510000      22.94974094345333    0.03783190126870304      14262.67460391512
                3510000      23.23055234915359    0.03712315133584706       12454.3487944988
                3510000      23.36652153778178    0.03739367910426113      11115.83740634156
                3510000      23.09162081762768    0.03725204300154826      12684.64457005567
                3510000      23.70999334385811    0.03705362311776855      10108.91451558495
                3510000      23.93517434676556    0.04001533078957168      10418.41271356095
                3510000      24.57569079380126     0.0395728813031291      8280.762785077961
                3510000      23.85107107720551    0.03925799190759003      10544.79909054992
                3510000      23.77790761996992    0.03765874122065402      10563.33080713551
                3510000      24.73712369606728    0.03970138676852996      7728.553276761902
                3510000      24.18103946315467    0.03987877717603238      9602.024787759055
                3510000      23.50395551850504     0.0374067781812101      10691.02446768219
                3510000      23.02183707845323    0.03725353447035575      12652.98932164843
                3510000      24.33897800250604    0.03924992521929709        8515.0990660276
                3510000       23.4335980286691    0.03774471495467183      11762.65849754256
                3510000      23.16262834729103    0.03723695029677992      12042.15853851507
                3510000      23.64391185817184    0.03713723082863778       9983.61077016836
                3510000      24.49502723238147    0.03938422738792523      8581.892775727947
                3510000      24.01779004040805    0.03990927269653246      10632.21004299374
                3510000      24.26225860405139     0.0389859451172769      9029.565023722196
                3510000      24.89265441077913    0.03936558577004989      6654.639285894369
                3510000      24.81367056516959    0.03944572996981614      7001.245651387107
                3510000      24.65751262445104    0.04009490931661651      7382.428105691474
                3510000       24.1012953977611      0.039400006541386       10578.6624698049
                3510000      24.96615823706709    0.03869073098705986      6333.100620887723
                3510000      11.23349322438127    0.02956567384171234      82310.07210719262
                3510000      12.71440150165076    0.02964202043206614      68175.84829723623
                3510000      12.53993474211756    0.03020240694717241       73429.3287516487
                3510000      9.829639512056646     0.0285779710505874      101152.3946676164
                3510000      9.527931547970777    0.02845357391655546        96666.466520633
                3510000      7.993360017169389    0.02805427443003818      88011.10465707652
                3510000      8.237362490640274    0.02775950036181528      85482.51766980202
                3510000      10.12451025328214    0.02871289982254891       95750.6475377709
                3510000      11.72260189815437     0.0289237997623142      74055.97647257226
                3510000      8.666321872346826    0.02802326998722675      92335.04996787342
                3510000      12.13599240858158     0.0301995429289161      74054.50714546157
                3510000      9.205648305427731    0.02820637461265422      93029.31936665358
                3510000      7.431946752497004    0.02856413448092997      82626.24474188747
                3510000      7.777283223684775    0.02746359837450732      83361.58156191841
                3510000      7.218508967661377    0.02825658086124802      80570.08774094806
                3510000      11.88095221626512    0.02879663426468707      67758.05773542268
                3510000      8.404192241066012    0.02741989058709969      84200.47904832546
                3510000      6.908848428029817    0.02794797710964144      70165.07220330072
                3510000      5.135324663871612    0.02856838084094028      35493.15121412837
                3510000      25.10766942320913     0.0375615728816507      5419.299962309162
                3510000      25.24806885451944    0.03861640994834808      4961.868941175637
                3510000      25.32350277473217     0.0388236933313743      5042.298398978714
                3510000      25.87704376623429    0.03792488066105996      3466.021027619038
                3510000      25.39628778644657    0.03847865282823491      4809.688364345809
                3510000      25.04030620961703    0.03796340227950415      5287.504523453118
                3510000      24.41733688361714    0.03913758155586009      8396.395370798651
                3510000      25.74303345657883    0.03814847751718806      3154.243651002799
                3510000      25.46962445889749    0.03874999359149561       4651.62176708578
                3510000       25.5402978292516    0.03826019015892566      4262.777886756384
                3510000      25.67421917533249    0.03774213420543644      3351.706899761612
                3510000       25.1771886687683     0.0383165418901435      4895.891433312567
                3510000      26.37313453181603    0.03865436222860383       2221.44502196749
                3510000      25.81103554175986    0.03771032422273172      3510.039279105858
                3510000      25.61143191777175    0.03757972557202759      3751.574646002313
                3510000      26.15771601780003     0.0383920055830323      2917.394080912342
                3510000      26.22707132621976    0.03863101330446369      2931.794015280005
                3510000      25.94801336484037    0.03814197648083264      2729.773244584237
                3510000      26.58887975410265    0.03862518095743959      2151.583082306797
                3510000      26.66108562125896    0.03841359872444691      1864.871199375584
                3510000      26.08780116100639    0.03813014404017636      2687.824045694953
                3510000      26.01609007667221    0.03849277497802806      3017.955163762746
                3510000      26.30052533426056    0.03911724511107616      2515.256870625373
                3510000      26.51713733592413    0.03882670730542528      2348.583059609608
                3510000       27.0908824400046    0.03908829147670845      1321.020479634544
                3510000      26.87430184660456    0.03906206708103338      1749.678375977781
                3510000      26.73097923166925    0.03857519376315351      1669.531618198202
                3510000        26.445182685763    0.03885660919274243      2293.453228133329
                3510000      27.29587864396532     0.0379818077735926      977.7370495973519
                3510000      27.42806752536597     0.0381525182612051      903.0182112245556
                3510000      27.62392462535882    0.03838583670677526      726.6379966291486
                3510000      27.23165121926248    0.03825054745051053      1061.130195332746
                3510000      26.80283718346067    0.03909134065551297      1690.760197377389
                3510000      27.01945172287526    0.03844588760997788      1349.394113670998
                3510000      27.49415652638898      0.038052349329786      860.5975491727463
                3510000      26.94905955971017    0.03875073321498933      1560.566002723524
                3510000      27.36263072235261    0.03822379948389481      954.2122650060174
                3510000      27.75678198395681     0.0375726481477468       546.105038288609
                3510000      27.16242398019843    0.03839867586919586       1227.05934100688
                3510000      27.55813487337675    0.03815033416689383      779.6063033751545
                3510000      6.554467966594897    0.02995627544536971      74417.21930517389
                3510000      6.355720631177247    0.02986975693438053      66902.68557541764
                3510000      6.752824593508363    0.02790860326131175      66198.69927385685
                3510000      5.939079126932768    0.03040849450339345      61826.39948491145
                3510000       6.14949200656493    0.03006074090483566      63149.91795548145
                3510000      4.314387227242266    0.02807728907770888      44150.13583539046
                3510000      4.874330283674771    0.02862000998784104      42762.79269640915
                3510000      8.155458277690169    0.02758734892528127      81076.13780896529
                3510000      11.15025478930785    0.02890583614419643      79215.25138224933
                3510000      4.578480437469323    0.02863001897321193      45306.91678397927
                3510000      5.410854588774921    0.03053377441587681       50882.7926420031
                3510000       4.04186200699725    0.02684566570012743       51638.6919360934
                3510000      5.738623086329846    0.02966530215307888      52023.15797661964
                3510000      3.669218535539121    0.02759483489893981      77965.25189405642
                3510000      7.607445094509285     0.0269496397698007      76709.56597543963
                3510000      8.826356613109349    0.02767645847104847      87979.95246903658
                3510000      9.447438134965847    0.02761977262362717      84450.13700751564
                3510000      5.059306620962444    0.02808477226563893      35770.48656803625
                3510000      5.215386117366176    0.02878643599549541      43831.33491649997
                3510000      5.584678737342006     0.0290562648469862      47698.03505739169
                3510000      4.795321750874131    0.02723178162814146      35933.61151283899
                3510000       7.92804141414495    0.02649760101688433      70353.12700333554
                3510000      10.48446446842929    0.02749498154037311      73295.13155637233
                3510000      12.37926973606317    0.02815149243308409      62825.82257884978
                3510000      11.38902997324568    0.02722776187564179      59571.30114657896
                3510000      9.054495838684097    0.02632132415388903       73398.2572883072
                3510000      9.677793318326502    0.02631408559611087      83408.94505327728
                3510000      28.51229511647921     0.0373107526521843      213.4377815399455
                3510000      28.33839198058841    0.03775198046091138      266.4102135888778
                3510000      27.87414237476442    0.03682042972144885      447.4831813124482
                3510000      27.81701381690239    0.03741295898189199      542.3776114446819
                3510000      27.98704298111344    0.03692436821574348      454.1046927799932
                3510000      28.21462245751799    0.03755201054475828      348.8058772414169
                3510000      28.68476072355386    0.03811939281116532      178.2123985817376
                3510000      28.45512829196693    0.03739826674359063      238.1854850505231
                3510000      28.62590143267422    0.03740929078777729      188.8347761140955
                3510000      28.10027229423556    0.03687266064853958      366.9533533276273
                3510000      28.27480193982037    0.03814449294345534      308.6470570652237
                3510000      28.56935425544166     0.0372037520328632      192.3306464364141
                3510000      27.69283902327086    0.03823330138891429      604.2648206501254
                3510000       27.9325038991123    0.03715966521466842      414.4394518680991
                3510000      29.07823109218607    0.03951734632532287      110.5933645505325
                3510000      28.39574143284262    0.03735014160898018      250.4967788129817
                3510000       28.1564702370189    0.03697549563613172      347.8301582477943
                3510000      28.04308525634001    0.03725041267463648      369.0519595679386
                3510000      28.94090361588793    0.03860377085038199      114.3655517413631
                3510000      29.22297651291946    0.03964539647340794      88.74994254167329
                3510000      29.89701778122782    0.03877140189393714      27.32198326966872
                3510000      28.81423758571023    0.03842188499789784      155.8928468274981
                3510000      28.74844990387687     0.0383658019972183      171.9163560774537
                3510000      28.87753441093685    0.03823987270300747      131.2549724183545
                3510000      29.00603544237618    0.03905569841019817      120.7352549828848
                3510000      29.43889021006131    0.03932369760974924       67.0819221569855
                3510000      29.14821692326846     0.0398965220864452      94.87959992849849
                3510000      29.36342907034972    0.04002308165993848      67.78182609504408
                3510000      29.71516619801877    0.03885518420332406      38.39396394552776
                3510000      29.29379579167109    0.03952175935338044      83.23677219151719
                3510000      29.51020732876555     0.0393775857972741      58.74481490620956
                3510000       29.6523159415012    0.03886788906808969      41.01115638021648
                3510000       30.0943069204518    0.03949817519646419      19.03564567083701
                3510000      29.57852182955225    0.04068954333586932      49.38058206749691
                3510000      29.78021690523276    0.03930286583962756      29.72501212242098
                3510000      29.84161998092403    0.03847645034241987      27.99046752576626
                3510000      30.27682292824185    0.03949982046375482      14.82157122318267
                3510000      30.02932230148691    0.03916351426553757      24.23027431389275
                3510000      30.15359142391131    0.03871161735011652      17.56483184385245
                3510000      30.53164023826461    0.03975350865296757      10.39186066973999
                3510000      30.40663524494519    0.04004730763791392      13.46355657013074
                3510000      29.96566936917018    0.03989458613007244      25.72294065925647
                3510000      30.65573519061937    0.03972333064924549      7.220739341754211
                3510000      30.21075160071728    0.03928018273774248      17.47481634587592
                3510000      30.46928751700841    0.03959488703831825      12.40582885093268
                3510000      30.34259314138732    0.04016504778430795      14.00067714639525
                3510000      30.90771100088145    0.04087105495727981      7.158818349096709
                3510000      30.59671922664669    0.04017344227308535      10.93069755219776
                3510000      30.71442457879279    0.03887621019580582      6.893100543498613
                3510000      31.05482220201045    0.04307290325874057      6.006293996791674
                3510000      30.97591094499666    0.04140761797264128      7.016470916144449
                3510000      31.75261240763703    0.04127819209896758      1.493770668574083
                3510000      30.83527220583774    0.04073491255496628      7.151442211433009
                3510000      30.77196214814204    0.03980734908714776      6.584673797734063
                3510000      31.13392922561692    0.04201486852934272      5.113582459504886
                3510000      31.61487469289839     0.0412382753382385       1.83736653267819
                3510000      31.54124343861219    0.04073991759232618      2.600081021720479
                3510000      31.40099876378635    0.04177430844729166      3.139860034003591
                3510000      31.20509933506114    0.04054645457683482      3.475973780285054
                3510000      31.33044839125521    0.03992221561981833      3.131167202714875
                3510000      31.47495488214469    0.04106349498510384      2.639334287167244
                3510000      31.94953269224933    0.03986192493449831     0.7610259337871625
                3510000      31.68352755595644    0.04074945160003286      1.391432320802404
                3510000      32.54909744953942    0.03969377998165563     0.1502641273286761
                3510000      32.28261040004367    0.04075459577859405       0.34899986583112
                3510000        32.209908500637    0.04108180107281455     0.4514086194009225
                3510000      31.27072209459132    0.03985017858869938      3.116619309779092
                3510000      31.82288160886966    0.04020785239940355      1.163411269675277
                3510000      32.01667945870373    0.04028256358071124     0.7053182522434904
                3510000      32.07423111544266    0.03907662768378948     0.6110215175149719
                3510000      31.88867660820159    0.04004171158356341     0.9168372775476121
                3510000      32.35031410675074    0.04022876668595817      0.266156622500082
                3510000      32.61864270555262    0.03894705473957424     0.1032248417422489
                3510000      32.13865935766751    0.03994684877583705     0.5937755067607813
                3510000      32.48641763911021    0.03898340154944645     0.2439222136095087
                3510000      32.88405847946933    0.03920760174589364    0.05452935389493312
                3510000      32.42268986813407    0.04052260665432691     0.2476593766139463
                3510000      32.67941015457546    0.03820294455160644     0.1117562851489299
                3510000      32.80725270770544    0.03888227769961881    0.08157971506069801
                3510000      32.73986212578684    0.03869800123620225    0.08155454182367174
                3510000      32.94557395820036    0.03688230957211493    0.04220111464372435
                3510000      33.11780087414001    0.03459810738691164    0.02076686590698949
                3510000      33.75197489586845    0.03454369535496505   0.003640052824783033
                3510000      33.28833850655595    0.03411390043838243    0.01206380500778031
                3510000      33.22792472791819    0.03615558863071273    0.01641992965752557
                3510000      33.00629883791417    0.03667890993133908    0.03562275651991886
                3510000      33.39992470804669    0.03400439683223005   0.009225090364071931
                3510000      33.34219339268587    0.03424570763489783    0.01133499670039186
                3510000      33.17079772929343    0.03455729767938797     0.0178938494427565
                3510000      33.63582780352939    0.03318687879049884   0.004730260344311885
                3510000      33.51282674006364    0.03359153593625196   0.006464521062455666
                3510000      33.57103052423504    0.03383395268794803   0.006065760216539057
                3510000      33.82063639578945    0.03332803429603312   0.002882595081077432
                3510000      33.06656332681371    0.03505538829325459    0.02234698434933881
                3510000      34.33187512184422     0.0262601498563123  0.0004161386388008591
                3510000      33.45527454026375    0.03248209259257649   0.007620931048064977
                3510000      34.17996244838952    0.03179800847354466  0.0006238095439279871
                3510000      33.69549129551261    0.03070321406879513   0.003105494879785346
                3510000      34.38664558886229    0.03309773252239975  0.0002164463125113352
                3510000      34.00886377813654    0.03174649857423222   0.001293818034066084
                3510000       33.8878752645053    0.02970227418183267   0.001704525709042882
                3510000       34.1261582414333    0.02555874754539755  0.0005965393252299966
                3510000      33.94436166644049    0.03199864447825488   0.001344995279906227
                3510000      34.50485308161431    0.02495467627703664  0.0003089886189391297
                3510000      34.06884304814774    0.02695760235349706   0.001014285226448625
                3510000      34.25514994998545    0.02915277341922495  0.0005112097883250913
                3510000      34.64441264887989    0.02799472044702122  0.0001303625506478245
                3510000      34.76452754566355    0.02782395676194621  0.0001157861943890556
                3510000      10.92194236618506    0.02577351886718409      73189.06032817531
                3510000      34.43585718036118    0.02351475055429388  0.0001809425986408963
                3510000      21.14042532589022    0.02187795521360175      2766.142417248087
                3510000        3.4386348649164    0.02756416843538478      88112.54984458906
                3510000      3.156705552467275    0.02785837895222317       122242.675976493
                3510000      4.245528416634134    0.02666879919470445      42788.35255168333
                3510000       4.51615698376905     0.0272415528611101      42718.44541207718
                3510000      3.893552450583673    0.02663364794158594      61519.12800394477
                3510000      9.886837925549527    0.02581186728300612      84603.62491442531
                3510000      4.380676340467214    0.02757515703084326      51515.44830977439
                3510000      4.642171686614023    0.02729372324010472      44844.59800952292
                3510000      10.70386036100892    0.02523992066320802      70707.06590118441
                3510000      10.26758879905132    0.02526971864631717      80768.36289695273
                3510000      10.81195695298333    0.02459046125225106      65129.17159705456
                3510000      7.368385682112978    0.02482448637868383       64678.4661817956
                3510000      7.062206682178269    0.02381790094713539      59078.44448166053
                3510000      10.07416968306972    0.02341975402805742      63386.76608492945
                3510000      13.12260428273901    0.02302847036733475      41422.92092379079
                3510000      13.02676768758737    0.02248595872762807      39889.58289428234
                3510000      11.59245031052507    0.02395157682423638      51129.18237875828
                3510000      12.93521634221482    0.02261267571185851      42140.39491669726
                3510000      7.166062393725816    0.02374711576609454      56738.16192322417
                3510000      6.958121234757944    0.02345339570568164      52324.09504164734
                3510000      6.411175495307409    0.02456726232527664      51133.39273887083
                3510000      12.00699474217621    0.02307963316168896      46149.07114014274
                3510000      3.728648014839606    0.02752073507573432      84708.82723746847
                3510000      1.984716801277345    0.02729258717083013      239698.1730346562
                3510000      4.098371661827925    0.02701069874022787      66152.23249800246
                3510000      5.352358460518762    0.02608756592887036      38416.07907708218
                3510000      6.609199448661484    0.02412835906566869      50918.64394625343
                3510000       5.99431863942789    0.02441419047677409      43398.79419730934
                3510000      3.318050027809632    0.02800505639110578      126374.5128838557
                3510000      2.486462412811154    0.02898908482676738      226529.5605342668
                3510000      12.58743437709126    0.02247840886349826      40056.56123667905
                3510000      3.024295836879519    0.02874736308062728      156618.7432367667
                3510000     -4.662134526637646    0.03366729780379241       1.13710340903894
                3510000     -4.510115233626544    0.03226191796733287      1.322310449561403
                3510000     -4.361835429046599    0.03285234302458437      1.650851344694447
                3510000     -4.197352111739383    0.03366204038673559      2.394848021325647
                3510000     -4.557446495256113    0.03265510444214602       1.13258506106797
                3510000     -4.414559304103961    0.03268090498989125      1.348428079334549
                3510000      -4.30858875460954    0.03337206426910123      1.858986963496352
                3510000     -4.833163995290463    0.03410948684692926      0.806103238945772
                3510000     -4.462303944033391    0.03244016719185329      1.351327020101488
                3510000      -5.05696619379154     0.0337831052652209     0.6146284240885582
                3510000     -5.429627635732343    0.03248266041112964     0.2716735072961886
                3510000     -4.892065242965758    0.03367953184945664     0.7368010943883679
                3510000     -4.774343921316321     0.0339428652330562      1.072093023611391
                3510000     -4.948402302195607    0.03326854087844325     0.6999646606452886
                3510000     -5.529834894634332    0.03239073293352049     0.2195526741755456
                3510000     -5.170424087585166    0.03338129963088465     0.4568631227861094
                3510000     -4.606425260020552    0.03279589191070168      1.047077545208216
                3510000     -5.276317156476385    0.03345469697824381     0.3438493588568739
                3510000     -4.717287685671858    0.03329455884098718      1.190533327701063
                3510000      -4.00835223495027    0.03406437368219409       3.44016883192182
                3510000     -3.871670427115868    0.03480741674182784      4.184157154139745
                3510000     -5.113473816423827    0.03387124392610277     0.5213066566482654
                3510000     -5.223053182579831    0.03333972315973248      0.402941768667453
                3510000     -5.000648963414064    0.03337238687242124     0.6601849424880716
                3510000     -5.329388714334979    0.03297585298430667     0.3184827949301738
                3510000     -5.381643055451184    0.03282613883543247     0.3044421188732829
                3510000      -5.63229135021236    0.03271230145128343     0.1433455163869974
                3510000     -5.581631180672024    0.03293526648407585     0.1823581244317712
                3510000     -3.663548080622509    0.03231203971460738      7.233410395493019
                3510000     -5.480466195275907    0.03255017146413146     0.2558405929959852
                3510000     -5.789603318748266    0.03278347021742505      0.126794772622224
                3510000     -5.683599430103534    0.03334668309045709     0.1422866678835518
                3510000     -5.736094297853259    0.03304249233774137      0.150425918478392
                3510000     -6.146975337242287    0.03252135649358194    0.04857288584984268
                3510000     -5.998832561711578    0.03345778233803107    0.07405157872769337
                3510000     -6.373853343648519    0.03443603483608516    0.03043006849194104
                3510000     -5.943775490588864    0.03326751130783515    0.08368197155870265
                3510000     -6.199132613502174    0.03323306085497098    0.04044334857484824
                3510000      -6.05166586204076    0.03256337938215629    0.06307017298825583
                3510000      -5.89149394256187    0.03282254105803746    0.08958121250549365
                3510000     -5.841452382061496    0.03246089864160735     0.1178836716376498
                3510000      -6.43722234524777    0.03526274707886121    0.02704820322084818
                3510000     -6.311750506234882    0.03451937647038817    0.03093465130491488
                3510000     -6.560425760241298    0.03313809547492887    0.01485000754244513
                3510000     -6.255185691374122     0.0339892689924594    0.03478515615945022
                3510000     -6.795498989247716    0.03266874538601535   0.006325457511044096
                3510000     -6.503093549787468    0.03477805781356758    0.01812494961872306
                3510000     -6.657789185462207    0.03244248973078511   0.008975464507948977
                3510000      -6.09968222354579    0.03249902258301308     0.0482274762106616
                3510000      -6.74935891876345    0.03200107875135128   0.004842457649100184
                3510000     -7.016395379958925    0.03302078869951858    0.00265365058631074
                3510000     -7.160677526509394    0.03302074570579606   0.002095674174786722
                3510000     -6.850097085968667    0.03356024756088705   0.005953033054211068
                3510000     -6.606894009315544    0.03222024907940344    0.01058553932631307
                3510000     -6.964067983094494    0.03382021587604861   0.003519809963326217
                3510000     -7.270092416363419    0.03298068500506317   0.001042041262375092
                3510000     -7.216471804806369    0.03250045115867702   0.001574046744070607
                3510000     -6.906300365508256    0.03335933519984094   0.005312555464658659
                3510000     -7.366469920624205    0.03425225375300613    0.00100573867517153
                3510000     -7.492646389543389    0.03419590446111315  0.0006982356197005257
                3510000     -6.703150278989194    0.03206955550819506   0.006060756212322868
                3510000     -7.106946705973018    0.03214517087656517   0.001810431985290421
                3510000      -7.43333691457121    0.03345494955856508  0.0006779822788895518
                3510000     -7.065255779460804    0.03244683867336001   0.001694433650684216
                3510000     -7.548818062752295     0.0338116201937971  0.0003883078842306176
                3510000     -7.314821248496489    0.03180635164504975  0.0008329555412575587
                3510000      -7.71634494538783    0.03319202657532361  0.0002394487427900632
                3510000     -7.920543409742125    0.03126201509266947  8.853686525049706e-05
                3510000     -7.802918976897213    0.03235649584078612  0.0001416036712295008
                3510000     -7.649740248235775    0.03274001255396956  0.0001913376419171867
                3510000     -7.864653906409098    0.03221406582335684  8.873480475849471e-05
                3510000     -8.216458215139026    0.03088097434029222  1.893679246794477e-05
                3510000     -7.599025350314449    0.03268093106746861  0.0003063481992985266
                3510000     -7.763393847938475    0.03047539306659015  7.254651802073341e-05
                3510000     -8.291539634650565    0.02942875572427883  9.436834699715868e-06
                3510000     -8.435195526617488     0.0295864462372618  1.894501594762901e-05
                3510000      -8.01664677144529    0.02942118212144353  9.442341880661393e-06
                3510000     -8.060037669348123    0.03104773467976595  4.807279923097709e-05
                3510000     -8.163973672709844    0.02940871727896593  9.477583178106449e-06
                3510000     -8.562487446527406    0.02937245421114425   9.45374236899563e-06
                3510000     -7.966727864985705    0.02936143246947314  9.664625978349824e-06
                3510000      -3.47239212655452    0.02541044928771836      16.06570595240544
                3510000      3.495484794957407    0.02691259753559881      93684.28173365309
                3510000     -3.266147594630546    0.02626621441601877      420.6592618424871
                3510000      7.481649224918604    0.02294281408722487      56708.97820597108
                3510000      3.611352614742755    0.02709687629746876      84131.21650061745
                3510000      6.203346837217485    0.02384898677775485      43758.42676075899
                3510000      8.711735492469364    0.02192550536671971      51292.59183674136
                3510000      8.532606163627667    0.02182109874513296      55190.67301422918
                3510000      6.098425317014002     0.0231704542146192      37922.16618384557
                3510000      2.893491858801162    0.02850492803810966      172147.9342307294
                3510000      2.608415685620495    0.02788392431407913      227542.9562213194
                3510000      1.801602169958784    0.02884870954896585      290126.4959868968
                3510000      1.500321653185205    0.02760866986092613      280642.9746057076
                3510000      2.717232243044854    0.02732612918109792      136021.0811754334
                3510000      2.348608737784406    0.02902999428534584       239227.876180278
                3510000      1.375982805687308    0.02813651883625914      347246.5823428431
                3510000       2.14992601059198    0.02855999277792075      302463.6595533567
                3510000       1.65726744300932    0.02853568905926793      360774.6969516661
                3510000     0.3675786004394788    0.02770950396054147      382952.6792291975
                3510000     0.1754466880874605    0.02622803691890947      311501.5277577337
                3510000      1.018379273737814    0.02729742462422512      362158.2110894974
                3510000       1.92923638269902    0.02771239014719715      289809.7812377866
                3510000      2.036617233261889    0.02683877526735511       250821.993922307
                3510000     0.8484943430875506    0.02759771760672427      371889.0656858847
                3510000      1.237610591554405    0.02737363490846638      387274.3333248844
                3510000     0.7178239448536692    0.02789473446863796      421887.7773664262
                3510000      1.131034646201239    0.02586381949370815      253078.0504627285
                3510000     0.4998644415851111    0.02694113567563131      365952.2413845901
                3510000    -0.4904496097335848    0.02748952223071229      216716.8401419089
                3510000     -1.050541468134786    0.02674540112932556      203392.9317604768
                3510000    -0.3011809279903243    0.02608329867285443       224098.982946814
                3510000    -0.1311472929252619    0.02560684832755084      268690.0790029825
                3510000   -0.03126920501287547    0.02524505920409543      273628.2940336344
                3510000     0.6011605609667561     0.0257099970155581      319944.6471983173
                3510000      1.548359271466729    0.02501675508079662      225733.4075631973
                3510000    -0.6861172058878119    0.02561076666582183       138639.805192863
                3510000     0.3178094677629955    0.02572018689482214      331583.8064720362
                3510000      3.207539627225189    0.02553276627678398      98152.60888844093
                3510000       3.84415312672686    0.02511529538272438      63480.41261742545
                3510000      3.993580697608206    0.02453595510035637      37684.80527377385
                3510000      5.887389187149556    0.02333699289316067      36233.18514669321
                3510000     0.2165939124897864    0.02475446120675661       294876.619345903
                3510000    -0.8708185484816106    0.02561819337565743      147345.7099143097
                3510000     0.1354379076390541    0.02449089817016714      246128.3395976145
                3510000     -1.299971243069031     0.0260198461927644      328458.3810326158
                3510000     -3.126437155757314    0.02667863230542691       2639.70220386689
                3510000     -2.650138972800159    0.02637761494858123      188226.1797645994
                3510000     -2.521247698859552    0.02631893920172702      303257.1451218883
                3510000     -2.294334805843641    0.02575687753866787      787330.3658677639
                3510000     -2.411210459018616    0.02551326731097877      566123.6213739752
                3510000     -2.777192113332434    0.02485792876020702      70056.80136501089
                3510000      -1.54590768229706    0.02506799458460938      593008.4340567255
                3510000     -2.190472828814894    0.02470276726457349      919231.9027971511
                3510000      -2.87112426405872    0.02435838203795212      22799.74257612336
                3510000    -0.5880471700187957    0.02460785938916649       115113.900004056
                3510000     -3.378763975589771    0.02414753800128662      63.29243375362707
                3510000    0.04969190960064462    0.02405587823117719      218358.6478593908
                3510000       4.92186699942132    0.02422765774046642      31909.88515429993
                3510000      5.788437656164373    0.02326614191506966      33309.48403597217
                3510000    -0.7728318750823819    0.02358362228764809      94489.44313769697
                3510000     0.9754277669355282    0.02394672649115847       240854.541104316
                3510000     0.8914572070288151    0.02398883443541636      225378.1949345038
                3510000      4.202839225760159    0.02394623095682219      38470.66789664307
                3510000       6.30645960580386    0.02269169497699514      37545.29595009514
                3510000      5.015986987882747    0.02351109714690517      26466.84463920628
                3510000      8.622503662965194    0.02164067448516323      52708.77065389531
                3510000      12.18310890854718    0.02190011968392956      36311.52132273641
                3510000      5.461521543955294    0.02356226146215714      29003.81485034493
                3510000      4.751675428406712    0.02378176796217515      28263.58896146813
                3510000      7.733905481053339    0.02175492240875054      46868.68032282023
                3510000       7.26415974703649    0.02197320029361743       45410.6880930191
                3510000      6.708955067460233    0.02199589209698747       36088.4450891778
                3510000      9.247955650500179    0.02129873774048399      50427.96195205199
                3510000       8.28113122557958    0.02161327583413891      49782.50869689208
                3510000      9.163665420384056    0.02125808049180984      49135.22045141221
                3510000      8.445380251661319    0.02122221683186264      46475.78820905426
                3510000      11.10757743536143    0.02126295865387723      38825.53800087475
                3510000      11.02343308167285    0.02129683758020206       39969.8714748665
                3510000      9.572258156513296    0.02138901634474819      49942.61963533756
                3510000      10.60396791636098    0.02108063905179282      40510.30280558754
                3510000      5.174632898552784     0.0223560364554274       19099.5951895885
                3510000      4.833825404820399    0.02272501504844119      18774.43872153547
                3510000      5.097337261181265    0.02208386158624062      15428.46908931584
                3510000      5.626188460944878    0.02190107365743569       20550.7163262995
                3510000       4.27917961159382    0.02173861428655663      15328.86066657043
                3510000      4.479553200545904    0.02185824079531831      16505.50831511607
                3510000       6.86642111554073    0.02108373020715592      33189.16138012824
                3510000      1.762089023566133    0.02329441807935376      116051.9814384826
                3510000      2.449689412894747    0.02259033844946901      64669.16572137718
                3510000      2.248869620879313    0.02270896843935708      83723.33570093744
                3510000      1.336795102866682    0.02298634194557583      157899.3677990019
                3510000     0.7527966331397686    0.02226886382678857      93418.95268498712
                3510000      3.059907080066873    0.02164017705991393      33250.67793730259
                3510000    -0.2117157707728724    0.02226207035446619      84861.25544531368
                3510000      0.402644303612482    0.02219802850771609      103402.4876116565
                3510000    -0.3872318414025326    0.02240610588078854      67941.61355366861
                3510000      7.647510930390605    0.02096414815172255      39057.05870905972
                3510000       1.83571112917348    0.02147067735003223      54402.67018411944
                3510000     -3.022814176592803    0.02209507683714641      3166.126078460503
                3510000     -2.031918342225727    0.02191018260695918      483555.3801423277
                3510000     -2.099372686176386    0.02180410734779186      464208.5921147452
                3510000     -2.685443476487301    0.02180023937440403      50742.29775988559
                3510000     -1.768841892139597    0.02161139162211144      308086.2153414404
                3510000     -1.899805160399581    0.02156106483991977      409224.1890298285
                3510000     -1.638674664102733    0.02150399347704888      240762.4688042222
                3510000     -2.553890821177362    0.02145605322081608      71647.17177593597
                3510000    -0.9565920033213433    0.02120569449227703      27863.80142051093
                3510000     -3.158490756352958    0.02145050849632341      326.9818522112889
                3510000     -3.233596083032677    0.02125254066330802      142.2594460827703
                3510000      2.926898339759458    0.02101200243424294      27355.20500854453
                3510000      4.347322250223026    0.02075420846336254      8361.301127482691
                3510000      6.511075030975928    0.02089744981949459      29063.94580005329
                3510000      8.364476346403983    0.02080013890277569      44799.43687488919
                3510000      3.759659850711123    0.02061099366960213      10567.57748904044
                3510000      8.196284202770581    0.02096798338798373      42131.48765146494
                3510000      11.19207278944816    0.02085558764202612      34216.11507042977
                3510000      12.84309181710139    0.02088547337817193      30270.42930781964
                3510000      12.75761904350628    0.02090678655371455      30927.48617220352
                3510000      11.27542621975346    0.02082121180742446      34290.88161824308
                3510000       10.4461729713356    0.02062148199556381      34522.40546756909
                3510000      10.52294483153421    0.02056921861464597      34927.32367518059
                3510000      13.45656007158838     0.0209034006160557      29364.80563546357
                3510000     -1.459959280925189    0.02092768236194562      63193.22151992714
                3510000     -1.397686416903065    0.02097842375839157      50666.97020666131
                3510000     -1.153300020885485    0.02089387753248896      25824.47233597134
                3510000     -3.564133225819672    0.01932784229466947     0.0092774082860061
                3510000      8.114664816751135    0.02077915804746312      43234.59867446573
                3510000      2.992130334586527    0.02048619827469574      12580.70761055624
                3510000      1.407683347899674    0.02057233421995925      20606.21784030717
                3510000      10.16769463800262    0.02099157051906221        40955.221787997
                3510000      1.469420145704134    0.02058730133289799      18367.05823316442
                3510000      2.378551935944025    0.02048818848528464      7238.295483906661
                3510000      3.699257452289953    0.02013669030162198      3516.060108356042
                3510000      4.545757849680695    0.02000802257278715      5242.068672145483
                3510000      4.610398345992144    0.01994018675114817      5161.659681441497
                3510000     -1.213900070697781    0.01893971705153553      49.60294629278417
                3510000      7.816393573705392    0.02073210974875591      39897.15238435615
                3510000      8.033977066640119    0.02084750525557911      41977.48501332346
                3510000      9.330985421496234    0.02074958052283392      42903.15763556766
                3510000      9.486424432251232     0.0207635873956573      41528.70625066517
                3510000      5.249286763232201    0.02026514510468117      10158.41124627113
                3510000       8.86702400773415    0.02081388480740116      41510.80166573272
                3510000      9.787378898691033    0.02093462260364773      41830.31678412273
                3510000      10.36595712101079     0.0207970181654953      41040.75300572295
                3510000      13.63074186999256    0.02095426907780833      28661.98284113514
                3510000      7.570042908068098     0.0205615260032974      34861.78415948155
                3510000       11.7626298022045    0.02064165769861238      30341.95610418309
                3510000      9.409450003496687    0.02060770667943258      39239.40511346638
                3510000      14.06499476154304    0.02102289517743409      27650.35369513927
                3510000      11.49867930460243    0.02076649637159661      30452.22684261082
                3510000      11.84167171274173    0.02052790203289919      28359.07433334075
                3510000       13.8036421890657    0.02085768458878087      28925.58137215514
                3510000      13.54297195361052    0.02090675317785627      29602.69088384644
                3510000      13.71725579276527     0.0209629176650392      27335.48317189757
                3510000      13.89080720752018    0.02089458820355009      26303.53957581132
                3510000      13.97651281688269    0.02083554568822261       25054.0286897908
                3510000      13.29473406047211    0.02072708291200105      26270.75954998887
                3510000      12.09549823450995    0.02057056887976395      26876.93315017883
                3510000      12.49824225210753    0.02055463767834991       25994.5572914923
                3510000      12.41823011789685    0.02052243988557503      23841.97703652527
                3510000      14.23157013484434     0.0208497569838437      24227.91556036031
                3510000      9.019143170779239    0.02032329979222857      32766.96076904656
                3510000      12.67478557863023     0.0203988273684262      26276.93296257642
                3510000      13.21345980140219    0.02060330863550064      26307.44565932619
                3510000      8.945090150652701    0.02042191430735634      36790.02637834023
                3510000      11.68510745141661    0.02045222069587458      25161.69733052227
                3510000      11.91805666503903    0.02036385127487169      23357.29894661384
                3510000      13.37480092182856    0.02041519970856007      23399.60331423988
                3510000      12.27255243696988    0.02058448900131797      25008.65242817143
                3510000       9.98625669004087    0.02056310674581285      34151.02331773982
                3510000      14.31464895839545     0.0205912002854773      20692.40705745922
                3510000      14.54253532831366    0.02052155605854499       19593.7041932204
                3510000      11.35422555353038    0.02017420171555809      20864.70165893586
                3510000      14.14915904185319     0.0203815365527224      20012.00825867855
                3510000      7.892021943204568    0.02038848136578741      29125.00038268479
                3510000      9.087853015758771    0.02003816606919747      25050.46038785454
                3510000      6.788266686111185     0.0201876724871646      20961.94298099491
                3510000      11.42227966769321    0.01997554187784842      17797.94765799565
                3510000      9.710430491542212    0.01997836778849325      22623.63435753839
                3510000       5.70304393162826     0.0201036204486973      9863.444943411454
                3510000        8.7914863947843    0.02000063729976108      22091.97572854955
                3510000      14.39232982007486    0.02017015305808153      16535.58862801963
                3510000       14.4655545813525    0.02010151001867248       15777.3298871465
                3510000      16.86772260805915    0.02009503574496814      8263.617087169474
                3510000      14.82306808069328    0.02005472537620174      14043.96233178301
                3510000      14.61727669517681    0.01998280510361238      14175.77787684237
                3510000      15.02527398238406    0.01993280449696213      11012.55885706046
                3510000      14.68670169249361    0.01994222133913017      11646.94758902146
                3510000      16.94710677004916    0.01997539982671855      6845.604068575139
                3510000      16.64207312500391    0.01988997323067258       7655.89737197884
                3510000      15.42607370508184    0.01990257659543235      9006.639862908005
                3510000      16.56709179354088    0.02012000910955327       7150.73806573962
                3510000      15.62819891313423    0.01982742142240635      8563.434157161946
                3510000      15.69807665806207    0.01990418654809082      9173.281955783419
                3510000      15.22324186302003    0.01979892027955334      8733.600937901134
                3510000      16.03371106285038     0.0198787754552071      7557.220281262527
                3510000      16.71789048012505    0.01990920672627334       7187.51086708448
                3510000        15.559513541739    0.01964228635503846      7292.859494421621
                3510000      15.83256358029941     0.0198223839080889      7208.583786535351
                3510000      5.550500930481239    0.01991244501100252      7600.226931357772
                3510000      7.960735264366726    0.01989331641322674      18703.26023343546
                3510000      12.34578457386937    0.01975200151300952      12472.53789517188
                3510000       7.39907099026109     0.0197300625876606      13304.16589215485
                3510000       2.18021874312995    0.01837238805438135      45.91942234185815
                3510000      9.648800976961997    0.01950792055973997      6010.949328165889
                3510000       15.1568094896563    0.01962047018742961      6821.989739077742
                3510000      14.95701244669156    0.01962801863888816      6490.039799007069
                3510000       16.1666834672533     0.0195975293759061      5653.912141630573
                3510000      16.79157912473051    0.01990174743215532       5853.35539488994
                3510000       17.0208734215422    0.01977487308313533      5417.106309985114
                3510000      15.35752887723308     0.0197481295154957      4676.118170579036
                3510000      17.16207275612809    0.01970276114007471      3821.844410074324
                3510000      18.98528533407581    0.01998423850214812      2833.307899548074
                3510000      18.75589070680318    0.01988244414502465      2290.244191584581
                3510000      18.83310879282017    0.01981710826001385      2457.982722476904
                3510000      18.67958704975106    0.01993224263825296      2593.611360917227
                3510000       16.4961608190585    0.01949229979154902      2310.566522121968
                3510000      16.42830767467053    0.01966089311636412      1975.103221994535
                3510000      15.09245657035715    0.01941303470628795      2488.979654988602
                3510000      2.863036614388266    0.01814527501950437      28.43594205081939
                3510000      3.349745152357499    0.01839653959961391      39.12255602860805
                3510000      3.128577450139213    0.01814598535234831      43.86964219955355
                3510000      3.408646899550971    0.01814397240655484      16.50444580772967
                3510000      17.09334885773676    0.01952785869168694      1902.812671774637
                3510000      14.75468066768902    0.01927335765543655      1100.686739553159
                3510000      15.29197609692061    0.01944321132225737      977.9554752159816
                3510000      18.45831371898063     0.0195729350831324      1399.061967946996
                3510000      19.13785265175368    0.01958638304620794      1218.716781013223
                3510000      18.60454115276661    0.01985664675695495      1121.233847709606
                3510000      21.05340369254572    0.01968665300382481      902.1451965643985
                3510000      19.35763088868105    0.01965664819295134      937.2460963654053
                3510000      20.89270118857496    0.01992148223200398      676.0797056271359
                3510000      21.22912419683735    0.01998676823366849      642.3661958757854
                3510000       20.9731613221307    0.01982288447305149      312.8798356154202
                3510000      18.52975122645041    0.01987780899117318      248.0522967141477
                3510000      9.912873041199626    0.01820590288692292      16.34901598483366
                3510000       15.8990803141997    0.01926719294494006      153.3098996940039
                3510000      19.42917085909878     0.0194963976449893      191.8705120890563
                3510000      17.93568420193074    0.01915706441159925      80.38800276168325
                3510000      18.25762850656471    0.01822998815193137      10.55231514435568
                3510000      18.38777073931199    0.01822980138115771      5.374093343387446
                3510000      16.10037277674627    0.01822983263562717      9.098665272247157
                3510000      23.89288857946945    0.01829614881902496      4.894597717482979
                3510000      22.46476731267713    0.01823433223286356      4.016034672529654
                3510000      34.58767874002651    0.02177851179159261  9.169899681623221e-05
                3510000      34.83216207773241    0.01837485665324946  6.102522542556028e-05
                3510000      34.55143473556495    0.02021363806770604  7.651563699360616e-05
                3510000       34.2903219298986    0.01906916361343091  0.0001404038297719076
                3510000      34.85807288450118     0.0182360463981725  1.523975686135677e-05
                3510000      34.90679780351066    0.01823585244673857  1.522753690774765e-05
                3510000      35.02595261541004     0.0182366504873615  3.046873563167011e-05
                3510000      34.47269472284919    0.01850343778302715  4.617525458467163e-05
                3510000      34.21688282075925     0.0191954611035704  9.464420594683739e-05
                3510000      34.61725112694477    0.01823962629536116  1.532885118989696e-05
                3510000      34.80594672594612    0.01823957986773385  1.526316584428485e-05
                3510000      34.94457754105524    0.01823955599523938  1.522577755657535e-05
                3510000        35.111981525365    0.01823951732255436   1.52240434669149e-05
