#! FIELDS time ld1 sigma_ld1 height
#! SET action OPES_METAD_state
#! SET biasfactor                       8
#! SET epsilon   1.153581406617129e-07
#! SET kernel_cutoff       5.652472782993875
#! SET compression_threshold                       1
#! SET zed     0.02647733427282545
#! SET sum_weights       162926.1304811498
#! SET sum_weights2       330103.5630676984
#! SET counter  499982
#! SET adaptive_counter  125000000
#! SET sigma0_ld1      0.3267767336514422
#! SET av_cv_ld1        14.6972126335834
#! SET av_M2_ld1       98979644.01302156
                 500000     -2.360379117019114    0.06883889024795982      23546.22200425509
                 500000     -1.357950334851137    0.06286337859015451      29457.47247193842
                 500000     -0.438800812950202    0.07745596457413415      7960.023558051836
                 500000     -1.863552749106657    0.06672736460862018      44978.58379957299
                 500000     -1.113852458273805    0.06464141860415169      23889.23308280517
                 500000     0.6499165317496234    0.09465689726720151       4538.14906263851
                 500000      0.929532787029803    0.09559799562564975      2605.379921148174
                 500000     -2.135643765068757      0.070375004809374      38219.25463351225
                 500000     -2.934403235008513    0.06811410226377532      864.5446097069893
                 500000     -1.599539496245249    0.06324172401851474      37738.12392012309
                 500000        1.5856708671265     0.1008608977874241      811.2797532140514
                 500000      2.083244627980777    0.09342929756902241      371.4763123060152
                 500000      1.292050422810598     0.1073837943875295      2021.665344351917
                 500000      2.552348999020968     0.1010623656133196      232.8228283081968
                 500000       3.80477289173064     0.1003967789891323      220.0081646391133
                 500000      3.252216607072253     0.1030295085090985       153.548865100951
                 500000      4.443499526501335    0.06986896418321203      655.9330993731838
                 500000      4.972872587201953    0.05545317049294056      1766.019762616067
                 500000      5.511289688502362    0.05391933853714392      3550.493031047496
                 500000      7.011032391629413    0.05142357947493227       3843.05328877883
                 500000         7.529776767015    0.04822415949182074      3727.989246352915
                 500000      6.048854208567936    0.05204413458201172      4423.507685616133
                 500000      5.837148549591788    0.05326188250452314      5108.589487065719
                 500000      6.662304539978048    0.05000940304567051      3426.750105518881
                 500000      7.860666486534957    0.04588001657724217      3115.663852504103
                 500000      8.576295845948056    0.04665701153905494      3850.031091790242
                 500000      8.322861180687658    0.04479300262354029      3742.888992117278
                 500000      2.955294766728137     0.1049406835003547      164.4077592427218
                 500000     0.2630112648400629     0.0863511397024963      5606.054681671511
                 500000   -0.08495548793727567    0.08262695803178174      7029.968598741105
                 500000      1.873604418007335     0.1018862207966639      461.7755852267653
                 500000      4.706393606992977    0.06680683530894491      1205.973226705349
                 500000      4.165773252090543    0.08828381656030251      374.9611919947927
                 500000      2.299276900124812     0.0800043996052895       192.532466976943
                 500000      3.546408561003474     0.1006082321851179      149.2993561465489
                 500000      6.460047177220083     0.0515603169995217      4108.326693365756
                 500000      8.904483589871276    0.04550388538680314      4401.095259579327
                 500000      8.076346060496091    0.04606387092965853      3482.990618268818
                 500000      9.372879679668431    0.04449000195381274      3724.764287809438
                 500000      10.21859671529317    0.04738694137226322       3631.46126652254
                 500000      10.41186929105148    0.04643840075923419      3941.261580850551
                 500000      11.06702798562228    0.04516550680206848      3868.680774885823
                 500000      11.54321229471076    0.04696127852037218      5925.069169890972
                 500000      10.86559054847671    0.04789213302944222      4873.338484163315
                 500000      11.32232348978561    0.04634358939399018      4595.045927132352
                 500000      12.05059592429367    0.04552874975733062      5640.063465023847
                 500000      12.63337968975835    0.04536188479381385      5988.153027186765
                 500000      9.621343233865003    0.04897482967012552      4517.003834128333
                 500000       7.31474247193818    0.04965984598820006      3325.123641568745
                 500000      9.117622778072716    0.04546871958926387      3227.897135633913
                 500000      9.935467223448953    0.04665748791598905      3392.090278105267
                 500000        13.254092089043    0.04363278132858894       5575.10878453046
                 500000      12.98255291951233    0.04642099405373101      5980.336381269295
                 500000      12.31553386259509    0.04411638114079171      4897.422054262259
                 500000      13.49896037617054    0.04459324413765279      5688.662893970733
                 500000      14.35397710853304    0.04292748619545474      5178.339273051374
                 500000      13.75921976269232    0.04424480047646847      5324.184247409024
                 500000      14.10651240800037    0.04407327624302231      5715.813798967396
                 500000       14.8588664315571    0.04134609150723074      5025.580398805955
                 500000      15.05999546916871    0.04133287579522383      5494.341780359197
                 500000      11.80431508395169    0.04349342530363855       3945.39510644314
                 500000      15.32379441807807    0.04108115450356804      5741.064920971351
                 500000      10.65536351436971    0.04816696712359069      4213.827660349676
                 500000      5.296439635194148     0.0567389655939509      3153.529934152845
                 500000      6.253772026611067     0.0514664290410423       4456.51928678325
                 500000     -0.823722486650372     0.0661137485817879      13139.23693155571
                 500000    -0.6403952084014302    0.06282458357746969      8632.024267214469
                 500000     0.4450881250659413    0.08655736346433487      5140.166288519867
                 500000     -2.737636976493903    0.06697292569321321      3405.787082685476
                 500000     -3.354397239596615    0.06619837975296107      6.802853339728735
                 500000     -2.594980688732853    0.06572927529111482      8995.739179783055
                 500000     -3.215043887590961    0.06658395591822351      47.15902268108538
                 500000      -3.52081959979019    0.06132536013699681     0.6157712994881119
                 500000     -3.828714127531763    0.05710929905841276   0.002696222070681209
                 500000     -3.731522453471077    0.05901550223783061    0.01406036907644288
                 500000     -3.078916585909504    0.06530784977650768      207.3157780250769
                 500000     -4.072955384500637    0.05811382771322988  9.730229265502898e-05
                 500000     -0.258093724378949     0.0691797414264984      5806.869512723658
                 500000     0.0922395390878628    0.07822366053225271      5023.226032255097
                 500000      1.080802581127048    0.07590758295357038       1322.42651921874
                 500000     0.7901979014484549    0.06713131261109101      1532.772529355304
                 500000       2.76499568768549     0.0542338369663053      69.66381434133798
                 500000      1.723471598611794    0.05463466296276202       180.267797553572
                 500000      1.440430682716682    0.05456597209472352      282.8648949608395
                 500000      1.180029981662581    0.04189463773553068      129.3500006508611
                 500000     -1.997356348234947    0.05568714631224049      30526.53428971863
                 500000     -1.734910999669139    0.05292090590700894      26332.15574051961
                 500000      -3.94596680033209    0.05714859514911924  0.0002882208187934057
                 500000     -3.619982479372658    0.05470884702455713    0.07913210708268112
                 500000     -2.472626291258654     0.0531925094633678      7003.048515921979
                 500000     -4.268799734602903    0.05481356454205093  5.098834088415994e-06
                 500000    -0.9938204067548866    0.04549517768841435      9903.009839632632
                 500000     -2.838953623089172    0.04850683906171544      730.6554815382135
                 500000     -1.241806941973379    0.04639309258792983      15925.94860411119
                 500000     -2.245530580280195    0.05009453691755103      13845.11682483281
                 500000     -1.489207647836111    0.04707568107942518      18861.65128065785
                 500000     -4.141168311892913    0.04472933601874585  1.475786711124203e-05
                 500000      -3.44420546066612    0.04473714034908368     0.2938408261960283
                 500000     -3.013541303311291    0.04039115451981557       7.74668791768327
                 500000     -0.916433221908738    0.04009393215821615      4586.859152026655
                 500000     -0.546178254143837    0.04057980199159769      2693.672766989976
                 500000    -0.7299772944225863    0.03995359294473333      3848.073596738099
                 500000    -0.1713629562496455    0.03785234297789872      553.1341540706347
                 500000     -1.668359564068776    0.03739431557019136      3198.641683729412
                 500000     -2.059470390762883     0.0372207736849266      1213.127777104097
                 500000      0.542707127740473    0.03748473545672095      185.9646610014149
                 500000    -0.3472447247717703    0.03965325040480654      662.0592719057305
                 500000     -1.429980852105436    0.03759150440853283      2864.984624019717
                 500000   0.009039729299783632    0.03647424795253296      195.5915906671329
                 500000      2.409646920224724    0.04121248011496158       54.1069580854275
                 500000     -1.194076564482774    0.03635494155187392      1339.533976825269
                 500000     -1.932451034387104     0.0366062983991081      602.3115631698982
                 500000      -2.66524287184972    0.03452019048462188      20.72556375239389
                 500000     -1.793299540810845    0.03390215392942256       92.7032963224043
                 500000     -1.291127305726223    0.03353421989033453      31.64113713527008
                 500000      3.957797448527588    0.04575856871750823       80.8335210981337
                 500000      2.678742473411337    0.04057576747614536      28.37592240344623
                 500000     0.1751628200884926    0.03418327277834951      17.63660550232338
                 500000      3.101163792906152    0.04247903973048144      38.57195557756019
                 500000     0.3571075342558555    0.03415215308267675       8.66854073410359
                 500000      3.393479000200661    0.04433633055702858      36.11057268548947
                 500000      2.204945656014324     0.0379765208653363      33.85804436905007
                 500000      2.835427683152059    0.03947277760169619      10.94689737473264
                 500000      6.826512437990942    0.04630485863039953      2597.641795723448
                 500000       5.66351145722982    0.04602749212910016      2597.522241362899
                 500000      7.685182373050673    0.04554876386042521      2624.659876586473
                 500000      7.113930287970069    0.04923730978966451      3382.059850418425
                 500000      15.66344998145205    0.04137503826938192       6281.78280437627
                 500000      14.65276518259732    0.04131116472945678      4929.428585795895
                 500000      15.19085677691252     0.0410911603485797      5087.957977412605
                 500000      14.72073098449379    0.04113563395140338      4518.073358395208
                 500000      14.50560392920974    0.04237991858355946      5133.420340836788
                 500000      14.58218750861731    0.04228140752845535      4786.744909553896
                 500000      15.79893496056681    0.04086494131224563      6054.476223008517
                 500000      16.13565989966049    0.04113151472218279      6245.504904962765
                 500000      15.52573339764065    0.04107508083632508      5933.356426810839
                 500000      16.06714832402868    0.04107796311398805      6335.197403251596
                 500000      15.93214597815059    0.04122007989532729      5630.075216587049
                 500000      16.26546959491036    0.04081992046893639      6496.833923205109
                 500000      15.99870408944436    0.04121243186877814      5952.123052087613
                 500000      16.39525122266145    0.04071103694607386      5876.464419555282
                 500000      15.86592292670899    0.04089447598519884      6110.066469107413
                 500000      14.99072281856232    0.04118486657852565       5076.96693098264
                 500000       15.7336868142404    0.04143707656092663      6188.111658809838
                 500000      16.33030942716879    0.04100688813413528      6015.939988603978
                 500000      15.12525773265545    0.04085354236166742       4872.81902548696
                 500000      16.90857292477763    0.04244794460034135      7058.712513921122
                 500000      16.60519923461266    0.04181134419065319      6392.069689086989
                 500000       16.4622576613331    0.04117835466452795      6130.266102611995
                 500000      16.20100311365041    0.04049485606720341      6159.664571680753
                 500000      17.26398664979866    0.04046198855824416      5056.520850026986
                 500000      17.12918214052056    0.04180156948787696       6240.19300246836
                 500000      16.98471982992677    0.04257902491406326      6634.311876660612
                 500000      18.10267082000855    0.04077755143857902      4547.846434523239
                 500000      15.45985647447543     0.0413139734277431      4962.385420481653
                 500000      15.39168513948479    0.04140066736575006       5537.89794520873
                 500000      16.75385509942096    0.04247624418786136      7608.098086732588
                 500000      17.39104246650081    0.04017384600161779      5203.189742668277
                 500000      16.83070346926956    0.04275735175972467      7084.253765814085
                 500000      15.59311487866315    0.04099981438317465      6002.185425288908
                 500000      16.67994061056133    0.04226186407711276      7090.360348006468
                 500000       17.3273861849942    0.04061892499571056      4895.944111673808
                 500000      15.25704785370786     0.0412015688576421      5750.269281309957
                 500000      14.78759681232046    0.04134664134241334      4981.895080933222
                 500000      17.05858541188437    0.04152119991772776      6667.362565841954
                 500000      17.51493344718058    0.04070572726930503      5231.644913422317
                 500000      17.19774084737404    0.04110564177014877      5657.199692701364
                 500000      16.53083230380573    0.04163587443386575      6835.177916011427
                 500000      14.92490677822949     0.0409872673128262      5075.040821934321
                 500000      17.45367031707089    0.04028108676938204      4573.115636060562
                 500000      17.90284864261361    0.04058179490127775      4555.025293661855
                 500000      17.84048303621566    0.04061958148069694       4667.55654780143
                 500000      17.64391915787498    0.04138835001865061       4903.67782698225
                 500000      17.57813869321566    0.04076550078719196      5312.640671655827
                 500000       13.9340951803736    0.04380537981384042      5453.572442226577
                 500000      17.77766287970635    0.04070606438155332      4681.451799737067
                 500000        18.567092499819    0.04231160102752637      3982.490410771568
                 500000      17.97060458753177    0.04081119333498061       4067.71046368087
                 500000      18.49550908686731    0.04186193507152195        3785.1562680863
                 500000      18.64267705963622    0.04227755612989149      3644.619152308356
                 500000      18.16586401079745    0.04016190611417642      4242.294846697926
                 500000      18.79379849473208    0.04232471870034942      3617.850693962389
                 500000      18.35465682142285    0.04071583518263795      3731.060361200996
                 500000      14.27242301839436    0.04321171880602558      5435.117847453966
                 500000      14.43115067147473    0.04229925748847704      5210.966307505646
                 500000      18.03760694170147    0.04110148267568836        4439.7697999703
                 500000      18.87262023825898    0.04279434052241132      3742.517419355842
                 500000      18.42156558467306    0.04165999186943365      3824.346390774713
                 500000      18.71830941397936    0.04249237205701106      3623.513807176455
                 500000      19.09896634210816    0.04286762215866668      3219.785823305682
                 500000       19.8790373512849    0.04173323132911139      2159.796562793779
                 500000      19.02303312652305      0.042321211169199      2942.480703588056
                 500000      19.39399226064024      0.042025644138762      2939.932726874953
                 500000      19.66938208121577    0.04091249757136772      2248.677591294972
                 500000      19.53657365131776    0.04098577565528423      2264.158325972679
                 500000      18.28892387404434    0.04055796641747512      3280.352113922474
                 500000      19.46710634775922    0.04137587425993056       2345.63929862538
                 500000      18.22645342661136    0.04017347408398241      4045.396040377789
                 500000      19.24822471451608    0.04117371713132002      3057.459628209099
                 500000      19.17378952324758    0.04187210973935587      3173.148206862424
                 500000      19.80627315115624    0.04150520965724934      2477.169477093119
                 500000      18.94764975751245    0.04243589838922724      3559.319766848694
                 500000      20.49319218114843     0.0412107486898881        1975.6295052422
                 500000       14.0194741445617    0.04418622446285968      5403.792831928991
                 500000      19.32101185552126    0.04156567574077537      2918.492353424806
                 500000      10.76050965232249    0.04849100344624258      4431.639278670518
                 500000       8.75507012326562    0.04428923405337378      3089.034653407824
                 500000      10.03035365234033    0.04534539529723636      3940.571138667965
                 500000      9.738098393675003     0.0482935899714066      4377.892208954821
                 500000      10.31743620442037    0.04693028255009184      4255.862581211788
                 500000      10.55826090798193    0.04549099292968521      3545.796164683687
                 500000      9.287352258764184    0.04458491762211556      4152.495732321126
                 500000      8.484989621645653     0.0449220755345928      3962.892769461802
                 500000      8.991185123533398    0.04569418466896277      4010.578060263961
                 500000      10.97384242879195    0.04657619859153166      4420.693709551523
                 500000      13.07389541896314    0.04512246101878029      5382.404425975664
                 500000      17.71346477641296    0.04091404837572563      5084.996634793099
                 500000      13.84651107624255    0.04465375977648428      5817.677764015503
                 500000        13.587377675083    0.04504998200813488      4840.696646133641
                 500000       19.9496713508754    0.04156430514326818      2275.960021534015
                 500000      19.73499542485791    0.04097829202882834      2465.465610291535
                 500000      20.22543468515543    0.04043551046725669      1877.438033766517
                 500000      20.77623772308437     0.0416158214373819      2049.004072784678
                 500000      20.09192113592954     0.0415813042295615      2134.320537768919
                 500000      20.84971135876106    0.04259822367687073      1798.152373663624
                 500000       19.6040942180419      0.041055910015538      2221.703185210165
                 500000      20.29188570288625    0.04068405015976628       1935.11399729479
                 500000      20.02119438257323    0.04127951725456037      2182.984574426193
                 500000      20.35865481739313    0.04108555388586084      1923.912075726859
                 500000      20.63065880750932    0.04086462902094239       1872.59228801577
                 500000      21.27380957670573    0.04358710399242929      1647.092660667901
                 500000      21.01312099482071    0.04378967818231785      2086.138047564529
                 500000       21.0986880068318    0.04414785929900393       1981.24327338109
                 500000       21.7047395801356    0.04121779769810695      1218.201850786319
                 500000      20.93272109877813    0.04356025367439206      1832.192755902052
                 500000      20.42524214345639    0.04149440164415202      1956.307306595075
                 500000      21.18710509764506    0.04423913596892094      1939.622940404215
                 500000      20.70218773896087     0.0419777334133244      1847.653713990103
                 500000      21.57064063134248    0.04155916126158003      1218.209710270717
                 500000      22.12032472579885    0.04150059622634058      1136.099053967615
                 500000      22.26684339912506     0.0422232642247768       1182.59226983642
                 500000      21.50034422178979    0.04125837838843809      1490.104840992678
                 500000      21.35647028867995    0.04241159070784985      1690.928590842167
                 500000      20.16039963442313    0.04090536760048129      1893.500985368723
                 500000      21.63968627308241    0.04112231523914136      1137.974690214343
                 500000      22.05115626378971    0.04109165952152984      1142.467800946248
                 500000      22.34654077599881    0.04275414408540594      1230.331544426763
                 500000      21.77672148361959    0.04115081374369302      1440.494689761143
                 500000      21.98217931830637    0.04097386941119024      1134.640436415967
                 500000      20.56305759186416    0.04094437055341064      1645.822303898249
                 500000      21.84595360937449    0.04117226371739506      1148.841696375252
                 500000      22.72888211369087    0.04186350158107286      1001.559408640797
                 500000      22.58153225850358    0.04235245929511842      1037.572189373273
                 500000      21.91669474274005     0.0410723569825359      1140.217173428935
                 500000      21.43235489257566    0.04138362563292947      1732.396216735357
                 500000      12.45237875703058    0.04455751860577731      4744.260636266894
                 500000      12.80100310520643    0.04385243376550284      4656.750360743704
                 500000      11.96205506387243    0.04459119135510377      4638.864124144608
                 500000      11.45069720347567    0.04556541669822284      4686.297107470013
                 500000      12.23116868078769     0.0458795381724438      5785.692445384214
                 500000      11.64102861536021    0.04537850169095306      4582.205151911839
                 500000      13.33679002070001    0.04359725240926953      4697.907355621219
                 500000       14.1899164474627    0.04362118412549891      4899.929257079712
                 500000      13.67369232289354    0.04372175374406211      5321.136959791385
                 500000       22.4270403010145    0.04279050022741986       1141.49122917314
                 500000      22.50544854556241    0.04257479077377718      1032.492546656544
                 500000      23.57315513539571    0.04158295376763788      607.4929079952208
                 500000      23.29671603316893    0.04120527628134243      696.4387917994494
                 500000      22.88023441286407    0.04206078814710427      991.5733969469532
                 500000      22.80510712073723    0.04229323745137894      915.0411514960806
                 500000      22.18939275416089    0.04166870963355429      1252.997792872228
                 500000      13.41552934095493    0.04336489441448575      4768.627968101212
                 500000      12.89071362865346    0.04511174502094192      5127.498078357371
                 500000      13.16820515921491    0.04485404998169278      5280.872274033867
                 500000      22.65550394861351    0.04188015844699701      1110.948659284616
                 500000      22.95246790891245     0.0420755026978504      978.6330476915467
                 500000      23.23099538608629    0.04100314798368516      845.4210491743227
                 500000      23.36509209448275    0.04118886854846476       691.765756815767
                 500000      23.09127483552973      0.041234411135876      703.0994674345776
                 500000      23.70943025881763    0.04105602255953551      636.7593361428262
                 500000      23.93254134227702    0.04341935149601302      707.8829748147328
                 500000      24.57269305257788    0.04300612951239006       625.391455556267
                 500000      23.84937831566612    0.04255476365545027      633.8298530898437
                 500000      23.77941006412195    0.04154875960641025      648.4020425991226
                 500000       24.7378227623633    0.04289903785140545      603.3964679971243
                 500000      24.18639808323271    0.04302335841448447      612.3151008738505
                 500000      23.50404387848269    0.04159714572909786      666.4284996074331
                 500000      23.02317359391221    0.04117349736453702       736.035431375436
                 500000      24.34260894204148    0.04313821734686796       599.235164140283
                 500000       23.4352029203897     0.0418799931127561      686.4169872046169
                 500000      23.16180974784949    0.04159829213378399      761.7102997959405
                 500000      23.64466834315792    0.04108349611647188      620.4663742373448
                 500000      24.49437979020503    0.04245910274561952      655.9343866615535
                 500000      24.02023456410083    0.04414624922694892      719.6828478203995
                 500000      24.26404192526253    0.04320700874505547      606.5775044718921
                 500000      24.89196564958502    0.04289754998133445      529.4527509413111
                 500000      24.81443032624264    0.04265961555307895      594.0719387974805
                 500000      24.65871203721531    0.04323062410630314      512.0477594152593
                 500000      24.10221590545524    0.04322161648119997      784.3060670050113
                 500000       24.9697570549449    0.04230136734875097      503.4661729968403
                 500000      11.23265987905201    0.04591409506811236       4271.91604517668
                 500000       12.7168858921625    0.04399950927901651      4896.408402872266
                 500000       12.5413348831717    0.04618150013801459      5776.921824235566
                 500000      9.838000563780932    0.04715139136152717      3636.753244624359
                 500000      9.523436600097103    0.04541753846900129      3240.479501985004
                 500000      7.987320550985469    0.04625277009717436      3318.973139776555
                 500000      8.238431425927153    0.04461702744664083       2938.53608579196
                 500000      10.11986503856907    0.04493917741012886      3369.895667297595
                 500000       11.7253946369681    0.04343881501592806      4266.648727033883
                 500000       8.66763826336847    0.04519829315062943      3846.834510484186
                 500000      12.13586585792373    0.04547942836682282      5094.989606792232
                 500000      9.202587144690986    0.04478605142873889      3831.940950535999
                 500000      7.425521139319677    0.04982703951013178      3310.104626393235
                 500000      7.775352613704122    0.04522894141013967      3160.663888231888
                 500000      7.217323674455869    0.04795870928157658       3147.25179014693
                 500000      11.87866459561207    0.04276523413991894      4262.715949547282
                 500000      8.404877538798958     0.0434359888710666      3371.048877889268
                 500000      6.910537281924114    0.04792451843805417      2756.136782827413
                 500000      5.136098828950432    0.04696825657003354       1474.05635402736
                 500000      25.10734808222198    0.04112593368555946      446.5364345162255
                 500000      25.24999526548925     0.0420731395690311      441.4807873150659
                 500000      25.32387172925146    0.04256881190829502       475.633310820594
                 500000      25.87529089787802    0.04128503129737236      364.7257721140649
                 500000      25.39785197022734    0.04237959750795214      399.6725289959448
                 500000      25.04203203084485    0.04160088159859072      461.1402470434656
                 500000      24.41921198118272    0.04167703891231385      588.1949710862474
                 500000      25.74767256588918    0.04145152148363401      298.6500172535069
                 500000      25.47344370728872    0.04249714052687627      442.3172566922643
                 500000      25.54541158542594    0.04147108958320762       397.363853924203
                 500000      25.67724180170855    0.04108842434991734      318.6894884420728
                 500000      25.17578001487739    0.04192665440281471       464.024565077528
                 500000      26.37539841462918    0.04200395551183023      266.6651478517016
                 500000      25.81014601597629    0.04116241078672573      340.1372569163127
                 500000      25.61287830414672    0.04128387554666314      367.5285059039518
                 500000      26.15574163757588    0.04138514406498056      324.4815530906567
                 500000      26.22772593607383     0.0418363271290654       308.230517445021
                 500000      25.94661415817606     0.0418891874957459      313.8601773645954
                 500000         26.59120786754     0.0417412996860735      233.7555661819525
                 500000      26.65987204439585     0.0416533596248427      219.5403748908589
                 500000      26.08642252316575     0.0416326917346767      263.3468277157444
                 500000      26.01568363789655     0.0415867545833279      298.3611700960266
                 500000      26.30193397933591     0.0428337744820043      249.0482292159901
                 500000      26.51832827388168    0.04269335192757347      238.4365357850973
                 500000      27.08860215399192    0.04196145915119383      165.5760666469602
                 500000      26.87696751717496    0.04198331912454822      206.6273432050973
                 500000      26.72905716697834    0.04185744255376584      201.1557732523042
                 500000       26.4462524423301     0.0420388191094175      256.9607362538724
                 500000      27.29658470509206    0.04137672151353407      124.4429385402166
                 500000      27.42935893092457    0.04121787092267633      127.4643172248882
                 500000      27.62718324690505    0.04174838833403913       101.759521657982
                 500000      27.23225042621639    0.04150426437485507      150.6536405347154
                 500000      26.80270593263215    0.04173883057604952      206.6057770742437
                 500000      27.01941715024961    0.04157320794701781      181.9328715759778
                 500000      27.49498487456873    0.04080976486451648      124.1650119190969
                 500000      26.95034954410787    0.04246745548192886      198.5578342741849
                 500000      27.36368733436171    0.04136398716749096       128.057525355455
                 500000      27.75850392497483    0.04054881637006439      93.91786805921826
                 500000      27.16351190152437    0.04200057527558382      178.6726712201553
                 500000      27.56111920144655    0.04157347847778239      113.7485117515647
                 500000      6.561895644418663    0.04951181620864972      4157.728645482981
                 500000      6.355712692421998    0.04953730309121916      4417.053943014159
                 500000      6.749231013637069    0.04588839035640054      2484.073430851023
                 500000      5.941596555117303    0.05070460358514325      4569.282213493015
                 500000      6.150647101131318    0.04966519047143831      4272.299153040292
                 500000      4.314556953011132    0.05044003062241045      230.7692492668361
                 500000      4.871061224849552    0.04910786421327241      1131.180697926467
                 500000      8.156360841565256    0.04383888801442765      2740.412911401686
                 500000      11.14942263670081    0.04384578090771805      3655.154684512532
                 500000      4.578483109311684    0.05061050951270616       601.804394333867
                 500000      5.408834309611012    0.05040971012361767      3230.699344400613
                 500000      4.033071706733899    0.04694091268020186      76.26226033001761
                 500000      5.739119695249557     0.0472713064767094      2915.627546209423
                 500000      3.662580518373283    0.04568945173040332      17.90695931354746
                 500000      7.612204533465788    0.04342227807874665      2308.526542159224
                 500000      8.826824696799438    0.04216475959409132       2910.65791221821
                 500000       9.44879498401521    0.04179680115597574      2510.265564008565
                 500000      5.061626327576304    0.04670651994269543      1142.920299259906
                 500000      5.207967536895223     0.0453865161129684      1703.760765897765
                 500000      5.592698306419471    0.04553984676827477      2275.672924174216
                 500000      4.799340556287127    0.04516709177684904      424.5948278358399
                 500000      7.926850867596627    0.03962686557778684      1577.860935385648
                 500000      4.634067266370996    0.04013988237275465      13.47579536709189
                 500000      10.48623962591863    0.04065623196043243      2189.366321767041
                 500000      12.38216042629528    0.04061650606164484      3150.320937155537
                 500000      11.39013780359738    0.03996273627842648      1875.311540457395
                 500000      9.054485751653463    0.03973010950614962      1483.553663166563
                 500000      7.372274269772468    0.03790671429493817      29.54077309270115
                 500000      9.678627104925276    0.03786274887333931      663.1763043013714
                 500000      28.51334147232494    0.04004517323329623      39.12316049047116
                 500000      28.34078119904564    0.04096654526045018      48.12831356911076
                 500000      27.87629551285552    0.03993268330149237      70.70656255138337
                 500000      27.81937472573983    0.04054286998093506      80.54352273489746
                 500000      27.98835540376164     0.0400760120331396      69.46900215079575
                 500000      28.21294275963433     0.0405241165004203      60.74614358647375
                 500000      28.68584948759963     0.0411111997020255      38.88428487337435
                 500000      28.45737615231649    0.04016709994739879      43.94833133028192
                 500000      28.62660116128157    0.04028809394799757      41.71654914380127
                 500000      28.10298572728033    0.03983794802268197      58.12344800269572
                 500000        28.276097053167    0.04145121949529973      50.90304424900929
                 500000      28.57320621037358    0.04020991118929342      36.68313543063722
                 500000      27.69671378007055    0.04148927510937613      89.80400981882408
                 500000      27.93402410534189    0.03969028587579309      65.34943853895786
                 500000       29.0775417600252    0.04226175227750926      28.46389738939799
                 500000       28.3961414856931    0.03994547498670883      50.60493295461564
                 500000      28.15526405913062    0.04019614574856034      59.92949174784798
                 500000      28.04469420011965    0.04011061243624829      64.71303775485758
                 500000      28.94002124460466     0.0412419074385768      28.69829008365587
                 500000      29.22241035464926    0.04185827620798617      27.55684972646111
                 500000      29.89617519504264    0.04068009126466938      13.19385006126311
                 500000       28.8150966777972    0.04084488345704147      37.28805501290034
                 500000      28.75152471735523    0.04105856065685603      35.78755875669835
                 500000      28.87621898755193    0.04095055904090433       28.6206130135021
                 500000      29.00562800392297    0.04208905162422735      32.27890259556823
                 500000      29.44100257657841    0.04184668584150968      21.00347157994574
                 500000      29.15105151099234    0.04275677524265376      27.45123444222896
                 500000      29.36679915402929     0.0427956392610156      22.19925808325047
                 500000      29.71431720126842    0.04103265556897458      15.45779014671795
                 500000      29.29474561858581    0.04204158246520122      26.38426829331114
                 500000       29.5089243807266    0.04200577265721579      22.41892282572963
                 500000      29.65429126861165    0.04143293313335195      16.07841918109901
                 500000      30.09380082513448    0.04145609361956718      10.09686019661558
                 500000      29.58044422426207    0.04286004887722424      18.91168229205633
                 500000      29.78086360010223    0.04175102745560887      13.31017433601425
                 500000      29.84172794679575    0.04099640815612541      12.80383997010402
                 500000      30.27892404004135     0.0410262362587609      8.729798575679379
                 500000      30.03042754287907    0.04132427436527737      12.21815302602662
                 500000      30.15397372453489    0.04076379812704682      9.509484157190233
                 500000      30.53188480063986    0.04144250719740177      7.126885408933852
                 500000      30.40705202939552    0.04167060309226531      9.018180304931096
                 500000       29.9656340475045    0.04166169090619432      12.13594558983729
                 500000      30.65794309068741    0.04107576761986031      5.151069397457807
                 500000      30.21055430537698    0.04130936824270198      9.415306026460527
                 500000      30.46942856839985    0.04126081766029527      7.814697733210672
                 500000      30.34307161275871    0.04160045380270657       9.15823082789319
                 500000      30.90793236863235    0.04198778271964444      5.361639196101474
                 500000      30.59703185675835    0.04129863060963385       7.90620657423307
                 500000      30.71437186374792    0.04046989338492685      4.901521983809402
                 500000      31.05376028366166    0.04428540694791561      4.547073692765276
                 500000      30.97612793206103    0.04289820928892826      5.326717618146021
                 500000      31.75328828239673    0.04263530819915889        1.1784630372716
                 500000      30.83515454207626    0.04207905167239508      4.895654402345392
                 500000      30.77111055747869    0.04123776113420562       4.72921304002838
                 500000      31.13436430841166    0.04332774176639967      3.998470913581364
                 500000      31.61474186331526    0.04236964195143799      1.383181367901137
                 500000      31.54135652819016    0.04169729540685764      2.034471007911224
                 500000      31.40115653154609     0.0431185605049883      2.433831856911127
                 500000      31.20542861902822    0.04194053447886503      2.716590124174722
                 500000       31.3299718220858    0.04119783768083886      2.345694345843931
                 500000       31.4746072261875    0.04200084118190656      2.087144598317939
                 500000      31.95114578973457    0.04131193927209269     0.5634449794583782
                 500000      31.68503158240861    0.04187775785088018      1.078911728252512
                 500000      32.54960608355793    0.04160451444450575     0.1022507705439976
                 500000      32.28029785995784    0.04234247577368045     0.2502478323775469
                 500000      32.20913282606034    0.04289563009132232     0.3100664647441339
                 500000      31.27049378145878    0.04083645095295151      2.494875970696928
                 500000      31.82345355244243    0.04155555427630223     0.8841769775261904
                 500000      32.01669485641747    0.04145228518823888     0.5378543955074802
                 500000      32.07371553805915    0.04040758894576229     0.4779977353804365
                 500000      31.88918678278241    0.04137887047681685     0.6977537392997382
                 500000      32.34835632096981    0.04173568353990832     0.1921243566836301
                 500000      32.61968570917596    0.04139603067770433     0.0654016924331471
                 500000      32.13954357555682    0.04148819990579151     0.4224728548254477
                 500000      32.48702325546424    0.04115925876845093     0.1657090213008544
                 500000      32.88295372803409    0.04324706484290537    0.02966265504979533
                 500000      32.42266482450334    0.04258900110655868       0.18862457473183
                 500000      32.67988088992291    0.04094170323638273    0.06676331976079378
                 500000      32.80662943293729     0.0423759737491663    0.04626337214781936
                 500000      32.74046351264058    0.04205045739696932    0.04959905681772386
                 500000      32.94820495647753    0.04150432509104025    0.01855387556555492
                 500000      33.11689416140558     0.0400431355598826   0.008528398051064371
                 500000      33.75063817487369     0.0430433484624489  0.0009558357351092145
                 500000       33.2919460935911    0.03963889694391898   0.004024053100233297
                 500000      33.23078444783182    0.04084631855655081   0.006068446962418367
                 500000      33.00674644528184    0.04098536179766551    0.01535898419117972
                 500000      33.40285887905402    0.04103189839652822   0.002693863867707933
                 500000       33.3417316427271    0.04098277831973488   0.002921261074056661
                 500000      33.17092163963135    0.04033470843234747   0.007130588613865608
                 500000      33.64062356477885    0.04147536380994287  0.0008358926827384511
                 500000       33.5094773673083    0.04029164444828199   0.001698554422529796
                 500000      33.56828458118861    0.04276609886251753   0.001222333906120646
                 500000      33.82684592825411    0.04286672735948905  0.0003973801082847671
                 500000      33.06787720106951    0.04021589707015202    0.01010187268262515
                 500000      34.33403421502446    0.03909324204003461  3.180308640340888e-05
                 500000      33.45526385754325    0.04001301653205732   0.001831458925746525
                 500000      34.17925361812515    0.04294038594574852  0.0001010100579826432
                 500000      33.69059969184672     0.0390115273649387  0.0003475221203769739
                 500000      34.38840822574767    0.04065688227586478  4.760152418766404e-05
                 500000      34.01305988627372    0.03880739474520669  0.0001572128947919747
                 500000      33.89098071499814    0.03975436041197866  0.0001925595517512803
                 500000      34.13218194280815    0.03776836832933285  2.419075001807463e-05
                 500000      33.94419874853774    0.04103960414241484  0.0001658672672386871
                 500000      34.51172144619608     0.0408155916805247  1.502088380522973e-05
                 500000      34.06819136131313    0.03985160857586528  5.339871699209954e-05
                 500000      34.26991564220713     0.0375004620348928  3.175502426958788e-05
                 500000      34.61292823094703      0.037271381404129  7.461965878072188e-06
                 500000      34.78033350968911    0.03738652459297352  7.427259944089632e-06
                 500000      34.65771033213935    0.03738814201706538  7.503423936986269e-06
                 500000      10.92221309012245    0.03664303488806933      426.3173904331293
                 500000      11.59194138083028    0.03503373448349302      13.16089738285868
                 500000      10.71137011106075    0.03502679080366423      10.84274380231409
                 500000      4.516812972643944    0.03627834483790715      5.867840187123093
                 500000      4.366895984082268    0.03500848128967937      1.530619211541499
                 500000      12.18504881940255    0.03500412513886675      27.26008616776408
                 500000      13.11928298646954    0.03484939167421518      12.97293361400478
