#! FIELDS time ld1 sigma_ld1 height
#! SET action OPES_METAD_state
#! SET biasfactor                       8
#! SET epsilon   1.153581406617129e-07
#! SET kernel_cutoff       5.652472782993875
#! SET compression_threshold                       1
#! SET zed     0.02473267756252415
#! SET sum_weights       725735.4955774794
#! SET sum_weights2       1431647.270128493
#! SET counter  999982
#! SET adaptive_counter  250000000
#! SET sigma0_ld1      0.3267767336514422
#! SET av_cv_ld1       -2.32077570085193
#! SET av_M2_ld1       189793141.9106083
                1000000     -2.359221574737265    0.05718992836800425      47053.75851195476
                1000000     -1.355741658481341    0.05707557880199796      42310.88841567081
                1000000    -0.4284839641788238    0.04554632510362153        68556.006438878
                1000000     -1.864132439701232     0.0584818972748781      67963.21708431175
                1000000     -1.113515997833864    0.05572083203225544      39079.48580125318
                1000000     0.6507660844881827    0.04215204947163981      109785.9023749938
                1000000     0.9333746543107546    0.04100352074456089      98993.03237920781
                1000000     -2.137790801426639    0.05910376909711845      68548.28526110607
                1000000     -2.928675849628487    0.05795642846606794      1497.697042940956
                1000000     -1.597237009563346    0.05643271458539179      56556.27725903477
                1000000      1.590715325637255    0.03713617297430925      80601.60734484516
                1000000      2.088558158949267    0.03343368910315263      80940.47745987514
                1000000      1.300889842614962    0.04016541720144685      96895.88473678633
                1000000      2.549067477550403    0.03441894682312582      79602.88527910295
                1000000      3.797025429583822    0.03781945642129422       14083.5629521494
                1000000      3.255309957075166    0.03477306027155213      29488.27315670913
                1000000      4.445171253079933    0.04241952696463986      5602.533313069959
                1000000      4.969371937263112    0.04508611265046598      6446.884072617085
                1000000      5.507980281125237    0.04644122898787024       8289.28779908648
                1000000      7.010454490570708    0.04414848593447369      10029.79052598126
                1000000      7.529640097245056    0.04184546557452484      12307.63156828145
                1000000      6.050414900785311    0.04593421212413789      9963.477834210404
                1000000      5.838536981252285    0.04736803366213539      10592.53485670671
                1000000      6.662500919045407    0.04313060435112965      9584.876235450005
                1000000      7.856060389958735     0.0399143135653058      11502.20290368702
                1000000      8.577214252541104    0.04173006632937552      16727.06519794806
                1000000      8.323685288899402    0.04021489391205423      14500.11446970057
                1000000      2.959427643319298    0.03459833964506909       52825.5122733921
                1000000     0.2641936023818873    0.04295135643476699      101290.6949920955
                1000000   -0.08056082501294942     0.0432302121791607      86026.31472076669
                1000000       1.86958612682242    0.03589000674444221      90468.53868616722
                1000000      4.710441986313523    0.04654046794855329      5853.092523385598
                1000000      4.164013146577095    0.04164427614316114      8780.329392353984
                1000000      2.283685709089603    0.03461501036703433      78225.16683604798
                1000000      3.552636345972904    0.03456509054365552      16908.31040633081
                1000000      6.464686696625536    0.04535471086595722      9944.371998713028
                1000000      8.906416334982028    0.03960463495076465      18488.35632434695
                1000000      8.074744542610889    0.04019446794802988      14428.40330091383
                1000000      9.370439777335774    0.03942050608469746      19061.06110057123
                1000000       10.2100436824073    0.04038181368014726       17291.8303749986
                1000000       10.4062290608904    0.04030814425371142       19681.1434091715
                1000000       11.0659592701437    0.04012981094127446      18395.42124103959
                1000000      11.54128887494486    0.04159645131963145      19965.68942224466
                1000000      10.86407741920658    0.03974583994817069      16581.67430472733
                1000000      11.31773566182416    0.04045140837599057      17448.67352081921
                1000000      12.05361061747337    0.04093888708008279      17691.31560652729
                1000000      12.63403478624507     0.0408933707494878      18436.83524627176
                1000000      9.613395006597104    0.04131454864090708      19344.43514977719
                1000000      7.309062373055983    0.04261509338714152      11134.28136348816
                1000000      9.122774053543992    0.03918134956077508      16180.70437562626
                1000000      9.945441179022236    0.03984456933859637      16794.32056042245
                1000000       13.2545175840237    0.04056580286077596      16627.14617607635
                1000000      12.98217620440689    0.04127376843536396      16983.12935153776
                1000000      12.31141248506608    0.03980393917196277      16875.38895456245
                1000000      13.49931332011391    0.04123233565611743      16701.23132031642
                1000000      14.35358443187645    0.04017735393347067      13446.69361540692
                1000000      13.76064087634012    0.04115043255218036      16258.46519780594
                1000000      14.10753052690955    0.04133488821050849      15318.88973881323
                1000000      14.85830755469375    0.03891628003122564       12092.8076161463
                1000000      15.05900668753828    0.03903445406353723       12041.4558810265
                1000000       11.8028437636107     0.0392322971528468      15998.62587738916
                1000000      15.32359923922349    0.03916124704843475      12235.75571859635
                1000000      10.64694935199677    0.04061011909318454      18647.28198099764
                1000000      5.293673445617641    0.04773949549580302      7389.660416320435
                1000000      6.257448146746166    0.04574641738550973      10498.50101181852
                1000000    -0.8189079958539829    0.04974659253023902      43964.12233617277
                1000000     -0.633241480053766    0.04499090729819338      44612.45922975114
                1000000     0.4411263778827523    0.04237879694608775      99941.64710602992
                1000000     -2.735508584593936    0.05593474382110616      6598.764163873333
                1000000     -3.342732147207072    0.05013205628756832       27.9625453746396
                1000000     -2.592583503971024    0.05572348425213049      15960.71853404481
                1000000      -3.21138853163573    0.05553634945066539      99.62822824458287
                1000000     -3.526101300681581    0.04076545516224225      6.791452283896618
                1000000     -3.805887859257177    0.03563599738043228      4.222966753885447
                1000000     -3.737843045674224    0.03661904157496319      4.079400512271941
                1000000     -3.076482970750629    0.05551299362262282      364.0163674422596
                1000000     -4.072034909382348    0.03461839492198872      3.335230063186898
                1000000    -0.2518663263074001    0.04048031159707165      68266.93999825342
                1000000    0.09184247306656633    0.04108862766031746      92823.25196796957
                1000000      1.081958534360834     0.0367830776055104      60726.21414733686
                1000000     0.7872210924960685    0.03524459170003601      61397.16732169917
                1000000       2.77289280967834    0.03150811496856084      29361.75836497084
                1000000      1.725600322894048    0.03357879284103039      54180.42260027322
                1000000      1.440706287213982    0.03280475022490054      47769.37443253822
                1000000      1.178479708006879     0.0313783030686306      39998.62002285251
                1000000     -1.997084707903113    0.04780860976833636      53370.73278722148
                1000000     -1.734609026193555    0.04701861222555835       40738.2245354078
                1000000     -3.942951195132461    0.03525637424231554       3.40334431537181
                1000000     -3.599384476095967    0.03551467840804862      5.281222207950069
                1000000     -2.465315505664277    0.04381800908290097      18121.59493396122
                1000000     -4.252697257742173    0.03320238435259342      2.280504713549981
                1000000    -0.9930166375437611    0.04031898358424554      21380.15308839537
                1000000      -2.83362655419374    0.04078149394710136      1811.674642327878
                1000000     -1.243029573536339    0.04235111421339506      24185.75884374949
                1000000     -2.242333160204094    0.04233333080553239      35034.13171864772
                1000000     -1.492398530459923    0.04319700600133911      29777.91133421833
                1000000     -4.138879016645158    0.03395792841685073      3.200798237866808
                1000000     -3.432588471871232    0.03668171773183266      8.008780212044723
                1000000     -3.001620821203696    0.03043268110469003      165.6485027563613
                1000000    -0.9155972629761634    0.03536075336867719      16487.57753223562
                1000000    -0.5500376805622644    0.03345902415243503      28756.12663314813
                1000000    -0.7310207239398316    0.03421409054282254       24676.8665638147
                1000000    -0.1764543737898423    0.03224320857704283      46743.66254830855
                1000000     -1.668012985014946    0.03170118315785925      12588.12184295634
                1000000     -2.063974608673252    0.02987255681277956      13813.25186448465
                1000000     0.5537656749631783    0.03098375426081236      46091.19563051251
                1000000    -0.3474549384064775    0.03248082217303266      38826.74485601041
                1000000     -1.430599879869863    0.03248935416305521      8854.940499816415
                1000000    0.01342805580303192    0.03173631345168428        52535.569388453
                1000000      2.414870101713827    0.03212358362669425      48930.07982939186
                1000000     -1.188243071995949    0.03104595423738883      7740.352569369848
                1000000      -1.93398861741306    0.02894845712414051      13423.50982416604
                1000000     -1.792462582286527    0.02831391698267906      9200.234374078686
                1000000      3.954504217049542    0.03343830616541937      5202.966740811765
                1000000      2.664303390168353    0.03061002907114327      35508.47341290065
                1000000      3.094928086796676    0.03257793180417778      26793.31600557993
                1000000      3.380213934552492    0.03158894751767068      13632.87006794422
                1000000      2.212978157018709    0.03293987635586523      67042.51902646633
                1000000      2.832837982008482    0.03148061127005436      34132.37734423553
                1000000      6.827160423069835    0.04017548609671436      8907.839358235549
                1000000      5.665060321561934    0.04056787678543271      6223.597214943688
                1000000      7.689550337595699    0.04056663877088702      10655.61191277444
                1000000      7.114734709646292    0.04241891797945076       9722.78822338313
                1000000       15.6621317496061    0.03942484579216588      12579.24322494752
                1000000       14.6521741520833    0.03891515590963403       11794.9331736316
                1000000        15.190834768033    0.03891786548413897      10944.73249125408
                1000000      14.72004214261785    0.03870336748355559      11158.59906055298
                1000000      14.50515344026361    0.03971996539300701      13080.72810340399
                1000000      14.58057600297378     0.0398588083690672      12337.63158752253
                1000000      15.79915027515533    0.03912348945821507      11798.98147755082
                1000000      16.13429888230178    0.03933217307889997      11800.48002115201
                1000000      15.52557241775492    0.03918292989162276      11851.04720521142
                1000000      16.06803191115358     0.0399100860745644      11726.51366180436
                1000000      15.93208576817588    0.03946469747394855      11402.01484072459
                1000000      16.26588910348589    0.03922126062757263      12023.56414711896
                1000000      15.99819775451449    0.03936361164036938      11359.71535160586
                1000000      16.39535556149907    0.03895581522158858      11395.74949446763
                1000000      15.86591893489555    0.03949430502885359      12186.73409068308
                1000000      14.99044580917915    0.03897706437806137      11762.66264984691
                1000000      15.73311804740542    0.03959496387398279      12260.02791173682
                1000000      16.33016427680848    0.03918006599340679      11113.20623502993
                1000000      15.12466399735303    0.03869261486604929      11426.71495755814
                1000000      16.90799514224264    0.04114533212376374       13801.3866354528
                1000000      16.60520528027342    0.04012346173630471      12338.36585501337
                1000000      16.46125304589193    0.03960977594360637      11962.80440767175
                1000000      16.20127809594656    0.03910775969958578       11104.9489174074
                1000000      17.26355984498786    0.03877749464004654      10509.36496389642
                1000000      17.12765687300725    0.04023602201772201      11963.76617556417
                1000000      16.98427370281298    0.04101831240331884      12595.70951441952
                1000000      18.10341757973623    0.03907896927074061      9803.291390776647
                1000000       15.4594481481672    0.03932281869025492      10393.89918712006
                1000000      15.39237188055896    0.03923651066809716      11739.15449386198
                1000000      16.75440692778282    0.04086501286140935      13822.30023182865
                1000000      17.39122692243144    0.03878029040689792      10422.74039095758
                1000000      16.82970612228099    0.04113762696248602      12990.54470385243
                1000000      15.59346019052245    0.03937767529567909      11976.62559311265
                1000000      16.67972519407348     0.0406194848156869      13066.90832519836
                1000000      17.32838490304642    0.03884573716226283      10036.27934307205
                1000000      15.25726095367381    0.03916084474756003      12153.75133947902
                1000000      14.78789649134877    0.03901415031314796      11863.41059537144
                1000000      17.05763834808122    0.03991526879056176      12375.64797681131
                1000000      17.51540420558441    0.03902814277669894      10150.95431085465
                1000000      17.19825260399124    0.03960922536416866      11430.88038622795
                1000000      16.53107151843364    0.04021298886882704      12907.24963800738
                1000000      14.92482461226837    0.03861065548872762      11951.98559704267
                1000000       17.4524539621684     0.0384879263140149      9369.850779648305
                1000000      17.90287505150492    0.03887064190561688      10011.74942094359
                1000000      17.84032251459515    0.03872225782924853      10151.12311722689
                1000000      17.64392745470575     0.0397772037381604      10670.40655216393
                1000000      17.57792589914628    0.03883289398795591      10803.00941750491
                1000000      13.93412830039238      0.040979470476881      15925.88086782048
                1000000      17.77859766131653    0.03863264281324751      10851.93522553736
                1000000      18.56677340434856    0.04010532035600455      10325.58325673372
                1000000      17.97060399923389    0.03904001522969942      9685.168568924146
                1000000      18.49542353419418    0.04021953268329034      10133.27137815351
                1000000       18.6421269403426    0.04037506413512162      11134.94742021239
                1000000      18.16645428142409    0.03811974179450062      9962.773671406012
                1000000      18.79404924423084    0.04051956446328597      11051.44362859756
                1000000      18.35459550722798    0.03887751667130438      9325.272651883319
                1000000      14.27306684092865     0.0407925079939056      14029.19320740782
                1000000       14.4302194477182    0.03977809395114146      12955.79108551382
                1000000      18.03793041487528    0.03911812528658018      10052.70417534304
                1000000      18.87147926410089    0.04059430552245863      11861.30606524721
                1000000      18.42241327231496    0.03968134804844804      10038.81109978976
                1000000      18.71831808729256    0.04036210321123354       10644.2027739459
                1000000       19.1007771924782    0.04022095231438403      11494.47232277621
                1000000      19.87985296246964    0.03926247044330348      12878.46944987516
                1000000       19.0243363037788    0.04019418784844286      10929.51226437356
                1000000      19.39408590484704    0.03970203475271825       11423.1354310227
                1000000      19.66982847747021    0.03845070175736492      11513.39539079736
                1000000      19.53615842701474    0.03880319988318164      11048.21157493877
                1000000      18.28936473891308    0.03877658872459396      8210.516682766212
                1000000      19.46779502333254    0.03931871040878664       10328.3028815894
                1000000      18.22628107042487    0.03852222014100228      9081.748662514072
                1000000      19.24867175370559    0.03944790928515919      11010.84391556657
                1000000      19.17484017267863    0.03971277134584981      11569.26949514345
                1000000      19.80706562125976    0.03934641505498206       12573.2453577859
                1000000      18.94767699980359    0.04035013614356236      10688.23319573864
                1000000      20.49284613506651    0.03839562377131046      13725.44601426978
                1000000      14.02015117390812    0.04155084363461319      14687.76605757801
                1000000      19.32140319594446     0.0392297150625725      11979.99876732851
                1000000      10.76067073242567    0.04023314796712461      15887.60831704668
                1000000      8.753243482188234     0.0395394949962636      14725.08249202953
                1000000       10.0270771679713    0.03985907000977339      20762.30591777168
                1000000      9.746273720315882    0.04082159482189431      19379.52180359052
                1000000      10.32448106642257     0.0401251200089096      18853.28268391999
                1000000      10.56157512729906    0.03992353999771916      18662.28261352209
                1000000      9.289438634516818    0.04012499721774178      19165.71703820132
                1000000      8.488265082053029    0.04024710125950793      16542.27310224892
                1000000      8.984241090235239    0.03958661805905331      16947.35105429393
                1000000      10.98218641033593    0.04030344104179881      16804.91516499297
                1000000      13.07404840028772    0.04089853411957834       15044.0189127766
                1000000      17.71326319680329    0.03916014237802327       10937.8123367912
                1000000      13.84713384129929    0.04128677831233962      16093.26903098521
                1000000      13.58694723650674    0.04157031771608133      16276.53400292824
                1000000      19.94994501469059    0.03859489225676892      13588.86146070484
                1000000       19.7356201625949    0.03851681458583919      12159.28921162795
                1000000      20.22537744679774    0.03800047497006622      13353.60272709345
                1000000       20.7758322553054    0.03911830982976643      17707.62390973077
                1000000      20.08964160144916     0.0387837004774438      12495.95199600771
                1000000      20.85127736582912    0.04000108018440973      16172.62801793018
                1000000      19.60430733001348    0.03860435860098261      10805.11950057517
                1000000      20.29123701506276    0.03805369144650714      12831.44922950913
                1000000      20.02033965850081    0.03848815341939543      13178.89579540268
                1000000      20.35810680769886     0.0382081820728217      14139.24759911363
                1000000       20.6305505721679    0.03820811523430825      15041.15192974135
                1000000      21.27248081292969    0.04061385668170815      19052.30850695819
                1000000      21.01377567199734    0.04072951409751782      19853.15679616109
                1000000      21.09788854669146    0.04084021233082708      20026.29914260391
                1000000      21.70859716173681    0.03805503691783323      15272.30139542219
                1000000      20.93202298099803    0.04029415266322397      19212.28801759576
                1000000      20.42538341859425    0.03811336430404371      14254.02191870565
                1000000      21.18630282835386      0.041897199177936      20394.88779117801
                1000000      20.70332354018111    0.03877125299625536      16931.75091179994
                1000000      21.56867959174636    0.03873103951185251       15866.2191715164
                1000000      22.11940388930153    0.03814322333089925      15424.22974866593
                1000000      22.26962383544215    0.03948826718698521      15046.92901060316
                1000000      21.49917893926731    0.03846136862445782      16293.45240168212
                1000000      21.35443022866234    0.03965183822795627      17494.67284820956
                1000000      20.15931166451505    0.03830866919587076      12601.35303215425
                1000000      21.63964920535618    0.03825985295477326      15299.29906024979
                1000000       22.0525775444463    0.03826430067818358      15413.74530196366
                1000000      22.34656686055144    0.03965067152826197      15797.24586313268
                1000000      21.77489849282686    0.03819238012861661      16746.72063642674
                1000000      21.98386226928826    0.03828101675492591      14970.17829446321
                1000000      20.56162941003271     0.0384054546529674      14054.03876392406
                1000000      21.84492311900409    0.03871534669844694      15471.11977784082
                1000000       22.7304905578982    0.03947394559739306      14038.27631845387
                1000000      22.58223368889231    0.03940780333459949      14861.76457381914
                1000000      21.91351787761986    0.03839541611761472      15003.60494686028
                1000000      21.42943279894197    0.03866988403760992      17062.26973545092
                1000000      12.45713379676152    0.04019689924391769      16028.15065372616
                1000000      12.80025501839612    0.04063023857143269      16374.06995191059
                1000000      11.95935904160379    0.04013527782120496      17159.96359550762
                1000000      11.45674879399615    0.03982830756931604      15836.72906373578
                1000000      12.22810356524718    0.04181396709529554       19303.8688599097
                1000000      11.64356311595359    0.04069880482218546      16064.81568473337
                1000000      13.33616710451712     0.0400575022459695      14392.58376183332
                1000000      14.18989432161652     0.0407762430852391      14110.62679420089
                1000000      13.67425275949011    0.04088979849313282      15160.86223449237
                1000000      22.42514409353495    0.03997639782732954      15745.53693415371
                1000000      22.50597742761722    0.03980770682238362      14949.27797819697
                1000000      23.57559068531651    0.03860834684169313       9864.09686599666
                1000000      23.29542178248837    0.03799428514464898      10156.15971049003
                1000000      22.87948144175578    0.03890387286038996      13035.98477034603
                1000000      22.80482077125482    0.03939896314659223      12847.56631940727
                1000000      22.19010854263845    0.03924888108539903      15231.07956275139
                1000000      13.41550717174129    0.04011058394764729      15250.17170861878
                1000000      12.88830333890539    0.04190225594946563      17060.97240700142
                1000000      13.17127797728746    0.04114944024171414      16474.16957524768
                1000000      22.65594116505489    0.03906497678405245      14450.71874638272
                1000000      22.94982358308822     0.0390993206944808      12498.01281088156
                1000000        23.230595092639    0.03812434817339223      11158.40380655627
                1000000      23.36672405784362    0.03844021154693308        9906.9719329447
                1000000       23.0914496441936    0.03835442371940132      11116.59481480458
                1000000      23.70993646962507    0.03805788545242676      9134.804000897726
                1000000      23.93506913210483    0.04103728688613734      9375.123524321341
                1000000      24.57561458212928    0.04034611225036624       7581.96029627263
                1000000      23.85124541458962    0.04021912953633176      9462.375922789479
                1000000      23.77788973517792    0.03857503786750608      9565.977325488619
                1000000      24.73707757068111    0.04037838696434456      7203.364362281764
                1000000      24.18106454025283    0.04085507497375937      8679.610790306964
                1000000      23.50403287374939     0.0385665521423432      9449.739626925657
                1000000      23.02189772519456    0.03843085221490317      11101.42762606995
                1000000      24.33899447640465    0.04010716724139995      7752.385060552648
                1000000      23.43353414462855    0.03886750190445452      10507.65421170606
                1000000      23.16257540971309     0.0385485152603296      10455.20598430353
                1000000      23.64411485863297     0.0384044071995281      8788.826464172924
                1000000       24.4950270495567    0.04022057565403665      7830.208851919447
                1000000      24.01793938507533    0.04075462377307778      9650.103684657397
                1000000      24.26242769930905    0.03977308814539419      8262.576593552561
                1000000      24.89261719983419    0.04005404365959907      6181.966223127886
                1000000       24.8136685554342    0.04015175486325929      6468.883690735162
                1000000      24.65737982306689    0.04092128487154977      6773.526280258545
                1000000       24.1014158858564     0.0402202807172822      9617.535395760395
                1000000      24.96620977348226    0.03949240140522117      5832.557550949668
                1000000      11.23387992832641    0.04068974887013227       18423.6274610915
                1000000      12.71469151497715     0.0403626520745713      17327.34707500511
                1000000      12.54176539167334    0.04198255750481746       18200.7108268615
                1000000      9.827926254199646    0.03960122489471324      17881.81124127154
                1000000      9.527869107652677    0.03985786525072757      18303.24429515951
                1000000      7.994218973647433    0.03974442977474865      12912.11108161663
                1000000      8.237920721324123    0.03982734658624368      13528.65574410815
                1000000        10.124084172371    0.03966830216609256      18346.80457484155
                1000000      11.72336495696446    0.03904422629855515      17038.97923306725
                1000000      8.666926199321049    0.04049319850515812      17586.00598686142
                1000000      12.13740459079699    0.04158539918549839      18317.57210091148
                1000000      9.204990078113035     0.0400765891089769      18874.20000493489
                1000000      7.433398184736537     0.0432927625607414      11171.23227891653
                1000000      7.775657944825124    0.04019492169899259      12179.65756400245
                1000000      7.219654830376924    0.04230243448105586      11008.15815322718
                1000000      11.87992578498441    0.03901314630870523      15394.57197975275
                1000000       8.40440261624954    0.03953301229851206      13875.93741972134
                1000000      6.909877610195612    0.04141378751540655      9353.989139578378
                1000000      5.136393851241802     0.0401348543537898      4341.437799733615
                1000000      25.10754118511509    0.03835279476996711      4988.853041421538
                1000000      25.24810001360121    0.03929114929611873      4619.584311951849
                1000000      25.32358103830363    0.03963308041461219      4649.610854037805
                1000000      25.87718004055292    0.03857162407761758      3244.211578928463
                1000000      25.39620560221898    0.03923588210097395      4446.430002089207
                1000000      25.04059355891559    0.03876356281817514      4870.988695995373
                1000000      24.41728638850116    0.03987602332341585      7737.283427856206
                1000000      25.74317754612111    0.03886938767221642      2928.229501602727
                1000000      25.46969677050243    0.03951871138052369      4311.874130181454
                1000000      25.54023310715156    0.03890128542014899      3981.368936486107
                1000000      25.67411097031344    0.03846802014202259      3112.134127401143
                1000000       25.1772048624339    0.03902969950508225      4536.910277909248
                1000000      26.37319314305643    0.03934801158910049      2075.013695449597
                1000000       25.8111109236845    0.03843740856796475      3252.110472412615
                1000000      25.61152496220821     0.0383728124832339      3478.728444936004
                1000000      26.15777426641172    0.03899624088484224      2736.530938151384
                1000000      26.22689677272423    0.03922316219432137      2752.700816127141
                1000000      25.94815953932311    0.03896120505265462        2520.2212828693
                1000000      26.58899589847839    0.03922199079247314      2022.976206671242
                1000000      26.66103214690042    0.03900405243549917       1747.59884689969
                1000000      26.08790798073585    0.03878430553209047      2496.414317118627
                1000000      26.01597457324396    0.03910213996345432      2833.143341179364
                1000000      26.30067844368754    0.03975748511319479      2358.183162249281
                1000000      26.51716641704084    0.03944144154969539      2205.875106921621
                1000000      27.09090663795843    0.03970879812521596      1241.794196220591
                1000000      26.87444373286638    0.03957694805598002      1654.256926560966
                1000000      26.73097197368765    0.03927095509242941      1557.954673801763
                1000000      26.44512790205321     0.0395054901287507       2144.99799731344
                1000000      27.29590477392237    0.03854650877932807      925.4921059255046
                1000000      27.42809233125116    0.03864024274098077      858.0172457199125
                1000000       27.6237707757865    0.03892684999264959      688.5376231909464
                1000000      27.23180100969471    0.03876837586537434      1006.285883700438
                1000000      26.80265960895782    0.03971023758954824      1589.167667183826
                1000000      27.01952618552561    0.03905409634434523      1270.730080338917
                1000000      27.49423563625589    0.03860357062596243      815.7542304657907
                1000000      26.94902760897519     0.0393470732096062      1471.088430082841
                1000000      27.36260990400243    0.03874149910659434      908.3123682454672
                1000000      27.75679573171611    0.03816533589345639      515.5769687735308
                1000000      27.16241706997871    0.03893598793346047      1161.480070825888
                1000000      27.55815945753371    0.03869542523941871      741.2439230182842
                1000000      6.557051858368331    0.04415523736985801      10160.47411743701
                1000000      6.353319079862684    0.04422752492040515      10312.21821247505
                1000000      6.748781204801007    0.04040688458059492      8702.717256989761
                1000000      5.938188233038863     0.0452307974399189      9711.341509883867
                1000000      6.149659912022296    0.04499406071576972      9979.042084769719
                1000000      4.314526266148599    0.03496841452621532      3743.233863888181
                1000000       4.87597518741955     0.0406880896260022      5079.515803534714
                1000000      8.155664543804775     0.0395331109982494      12417.78169492745
                1000000      11.14903517857933    0.03978681160955481      17289.42934362185
                1000000      4.579198655395704    0.03735334266177159      3666.784812541526
                1000000      5.413508314826413       0.04437948624166      7365.425586982163
                1000000      4.034105209269791    0.03311046532072532      4373.337630524049
                1000000      5.742448465565307    0.04240845854028279      7083.976932641494
                1000000      3.668103427076723    0.03107422510825026      8154.405656225664
                1000000      7.609424082401421    0.03906472116029037      9972.211112464323
                1000000      8.829232380520155    0.03809280877194555      13707.23822928962
                1000000      9.448700804737259    0.03812157102862047       15888.0421383618
                1000000      5.058293691617441    0.03992624332558052      4160.338301268944
                1000000      5.209665662336689    0.03960415073264213      5181.211712795553
                1000000      5.591498991898487    0.04040810820264353      5636.617186972447
                1000000       4.79580762649207    0.03647359694876382      3673.439355126868
                1000000      7.926223963117951    0.03609996997605864      8202.492006967088
                1000000      10.48421196889803    0.03744693903684922       14292.9150325757
                1000000      12.38175861139236    0.03724781337493117      12736.57640988332
                1000000      11.38870097254818    0.03633869555923287      10672.08329989809
                1000000      9.052892271384209    0.03599912420116368      11062.16849808788
                1000000      9.680062306273941    0.03459925063057068      10899.31571509982
                1000000      28.51233794497133    0.03786027329974623       202.952983006676
                1000000       28.3384503357435     0.0383074852005006      252.4556644782295
                1000000      27.87415480897637    0.03741894755505985      422.8965354686767
                1000000      27.81705954633712     0.0380532850884225       511.509068158456
                1000000      27.98701039290907    0.03734329187558964      436.5826176409866
                1000000      28.21470469089341    0.03795072525245972      336.9655529996398
                1000000      28.68477307126599    0.03857592077960955      170.4872394687841
                1000000      28.45520291245584    0.03792109671361584      226.9813021472171
                1000000      28.62601685833654    0.03791420543579434      179.8085099688332
                1000000      28.10031614452436    0.03736840342715587      349.3433196084268
                1000000      28.27480259719057    0.03875054939154921       292.007218356572
                1000000      28.56941434966133    0.03777069420819152      182.0640557056535
                1000000      27.69284349251678    0.03884541490531798      568.4568966796013
                1000000      27.93265421227778    0.03771047799980359      393.4144428861302
                1000000      29.07818574229291     0.0400650512211282       104.848332886733
                1000000       28.3957243609404    0.03785845151256188       239.000005553246
                1000000       28.1564194855141    0.03740143698353177       334.225265340192
                1000000      28.04302201588756    0.03767593950514616      354.1739963703421
                1000000      28.94089456636747    0.03926648139684817      106.9317157168161
                1000000      29.22318707302679    0.04021093821646001      83.94533522972434
                1000000      29.89686452111392     0.0393326636798472      26.03620517603778
                1000000       28.8143268184033    0.03896424346817965      147.5024353111863
                1000000      28.74844740631191    0.03882070594409427      164.2612054399092
                1000000      28.87754452047382    0.03869063593578806      125.8325809405898
                1000000      29.00578759409064    0.03968601846930488      113.6865810892333
                1000000      29.43904065948208    0.03989879118532282      63.28667265241957
                1000000      29.14806940533713    0.04042747338349507      89.61686502936968
                1000000      29.36338177962064    0.04062237576909646       63.8817448032002
                1000000       29.7151165397557    0.03942872520287958      36.44095654650284
                1000000      29.29401547717781    0.04009268683889806      78.60067271797836
                1000000      29.51031875108466    0.04005699407651671      55.08587359936276
                1000000      29.65243685384635    0.03955941513529154       38.5453256308524
                1000000      30.09430442016795    0.04019656676172836      17.98225527491893
                1000000      29.57855253250843    0.04128987349487676      46.70054347142387
                1000000      29.78007069415198     0.0399967204045371      27.95012179101725
                1000000      29.84155496604886    0.03909340505437961      26.49035660324148
                1000000      30.27687063298533    0.04022054602011853      13.86474584846896
                1000000      30.02945734055874    0.03985043531784784      22.81952590895522
                1000000      30.15376703339144    0.03937397870756205      16.54902783026672
                1000000       30.5316494461207    0.04048898576545701      9.761397162552022
                1000000      30.40679830970887    0.04066531965466439      12.79295115359314
                1000000      29.96588732900947    0.04062008091769877      24.14992446866621
                1000000      30.65575710635943    0.04044941200126155      6.807069610995712
                1000000      30.21087106682484    0.04009708018373899      16.36475073339145
                1000000      30.46914965024783    0.04013872776662265      11.84248688489697
                1000000      30.34247309011239    0.04064308845110669      13.43785532874139
                1000000      30.90787405827884    0.04135023964282305      6.856735761408906
                1000000      30.59684304407684     0.0407527716268498      10.44465099590937
                1000000      30.71442397103798    0.03947395839056191      6.560154671123694
                1000000      31.05486162974322    0.04364454852246834      5.713853143864434
                1000000      30.97581836811923    0.04201410801155274      6.655504031973558
                1000000      31.75248712166688    0.04190355311149353      1.413478965305132
                1000000      30.83526881644189    0.04143029829050243       6.75503139379142
                1000000      30.77193103920906    0.04046709563233565      6.247392541914719
                1000000      31.13410616513767    0.04261241563829292      4.849260824216395
                1000000      31.61494726581444    0.04199505094043287      1.718224288853481
                1000000      31.54125412136167    0.04136582192722395      2.475212425564373
                1000000      31.40110563722047    0.04246179769753629      2.962309183448502
                1000000      31.20512353870532    0.04127701870452045      3.275377302436984
                1000000      31.33026377476927    0.04053144937999877      2.975778686820757
                1000000      31.47497855110521     0.0415821072076593       2.51922838166384
                1000000      31.94973719687499    0.04072555465509024     0.7067278433597559
                1000000      31.68347361715827    0.04159276007431827      1.299646926419779
                1000000      32.54886347030894    0.04138283231977988     0.1293074249908457
                1000000      32.28250343661702      0.041862107595732     0.3162741611002506
                1000000      32.21008581655347    0.04214143053796286     0.4079571114687618
                1000000      31.27062160232706    0.04059163087457796      2.929683845737588
                1000000      31.82280907283209    0.04090519604029029      1.093643432765258
                1000000      32.01686918325411    0.04117745059623629     0.6561689470396179
                1000000       32.0739470840403    0.04001660128282476     0.5666873110423277
                1000000      31.88879822165469    0.04092156135265778     0.8540936350439211
                1000000      32.35010438128509    0.04150768441537049     0.2380017234337041
                1000000      32.61882723763295    0.04101341413584222    0.08658986352822945
                1000000      32.13853068673266    0.04095683308995126     0.5387541864063291
                1000000      32.48675412204208     0.0404133685996434     0.2161567382435038
                1000000       32.8839784287803    0.04208604444298947    0.04211223321921032
                1000000      32.42244789302511    0.04188468014083958     0.2222992279392917
                1000000      32.67918268759649    0.03994966289693263    0.09587962608136233
                1000000      32.80688121347139    0.04148689818447512    0.06385223875613782
                1000000      32.73978269364297     0.0412469466842059    0.06536506167121689
                1000000      32.94525963260217     0.0398856977034905    0.03167846035016176
                1000000      33.11803244040622    0.03873291038390011    0.01408240784513813
                1000000      33.75183041237653    0.04139958397500936   0.001740939070986907
                1000000       33.2885206288934    0.03845374580288823   0.007636599502076584
                1000000       33.2284746975434    0.04005026139108341    0.01149141358308752
                1000000      33.00666622310462     0.0400878707162451    0.02584951508287261
                1000000      33.39951564893764    0.03923338581346973   0.005538916059923325
                1000000      33.34205642038654    0.03901318847374356   0.007021714526975199
                1000000      33.17227354721919    0.03901543977204734    0.01169719918748127
                1000000      33.63756367656627    0.03933113308027113    0.00225860322282701
                1000000      33.51267208634262    0.03899026354638188   0.003572221891267399
                1000000      33.57188261134469    0.04014850809814725   0.002993942047748983
                1000000      33.81979473815731    0.04015646855462686   0.001301420390617533
                1000000      33.06747649482394    0.03912986344482149     0.0151236807277733
                1000000      34.33858485238085    0.03819557363263566  5.945155587896785e-05
                1000000      33.45586339462862     0.0384015810096733   0.004081468811297578
                1000000      34.18016673052196    0.04120064349611761  0.0002156892602431357
                1000000      33.69498162940514    0.03738046093521099   0.001303023128507855
                1000000      34.39564437625322    0.03931759339900725  9.299842774801001e-05
                1000000      34.00708864468771    0.03881725979547886  0.0004635556851919652
                1000000      33.89385312224634    0.03751142943266644  0.0005212308406662118
                1000000      34.12978846452921    0.03575161145441952  0.0001074148139581495
                1000000      33.94377573137971    0.03875907167490223   0.000582753285334863
                1000000      34.51754352581234     0.0422950295321443  3.198524168129398e-05
                1000000      34.07260108667655    0.03772722806296545  0.0001821311245619877
                1000000      34.25626210329132    0.04060929512816806   0.000137209672080903
                1000000      34.61292823094703      0.037271381404129  7.461965878072188e-06
                1000000      34.77489100652967    0.03597961117932938  2.411518134680762e-05
                1000000      34.65470162247292    0.03561191964602387  1.588385091813347e-05
                1000000      10.92266091207428    0.03379022224476885      8841.411411607574
                1000000      34.43829074467931    0.03715971366047361  2.696406051133513e-05
                1000000      21.13972485745681    0.03228236247537935      189.9886500178152
                1000000      3.439885115590988    0.03089596476739097      10923.12999864603
                1000000      3.160564075600061    0.03166575418272131      23473.17064546622
                1000000      4.243652943132373    0.03320171680093572      4257.685196433717
                1000000      4.516602321592112    0.03228669586262509      2707.158419285839
                1000000      3.890642587091325    0.03206342233294126      6410.069511867042
                1000000      9.887003004881004    0.03316105203036203      8930.041690537102
                1000000      4.377285420528888    0.03165078702882289      3034.912661173683
                1000000      4.638552202921277    0.03151048038851048      2479.868654869223
                1000000      10.70630216214349    0.03324359153709877      7066.773034565016
                1000000      10.26824055315045    0.03302291147214696      7899.492855812769
                1000000       10.8106973337131    0.03239393828281355      6714.970563057423
                1000000      7.370895575547261    0.03323556213715615      4002.371586239533
                1000000      7.061620508869377    0.03198190241217434      2718.844573465555
                1000000      10.07386162182949    0.03182049056383018      3084.668464335126
                1000000      13.12186862714184    0.03174454893040307      2622.269910651222
                1000000      13.02619251510962    0.03176554758731585      2137.227568919773
                1000000       11.5920490697221    0.03221384683587981      3680.077642520061
                1000000      12.93690284665034     0.0317584473865678      2270.797605369797
                1000000      7.162990038018425    0.03163502488855351      2147.129103805732
                1000000      6.959241339832792    0.03153224762591048       1713.66619511386
                1000000      6.411581452030979    0.03159148385153258      2093.307190111434
                1000000      12.00639714541052      0.031633013684685      2550.798869295076
                1000000       3.72849824686948    0.03173627796413837      9652.715781091429
                1000000      1.985875140091436    0.03076130709238164      49039.31254350743
                1000000      4.094156766125739    0.03104769669874856      4926.575500551102
                1000000      5.354595419136575       0.03127000329226      1671.211249733775
                1000000      6.611994597503672    0.03139421879013932      1790.511497248917
                1000000       5.99445034491611    0.03174905461237425      1727.612566726459
                1000000      3.319260262539548    0.03174404418285252      19942.32002710896
                1000000      2.481031748322935    0.03293776056819823      61235.05315793614
                1000000      12.58688162130439    0.03140496383316161      1375.850597072379
                1000000      3.027779189122775    0.03237442301852698      34511.58189270083
                1000000     -4.662134526637646    0.03366729780379241       1.13710340903894
                1000000     -4.510115233626544    0.03226191796733287      1.322310449561403
                1000000     -4.361830283028119    0.03287305936132447      1.646698377413165
                1000000     -4.197353428387149    0.03371946310498185       2.37466028587292
                1000000     -4.557446495256113    0.03265510444214602       1.13258506106797
                1000000     -4.414559304103961    0.03268090498989125      1.348428079334549
                1000000     -4.308600234852796    0.03339799054892977      1.852680496761594
                1000000     -4.833163995290463    0.03410948684692926      0.806103238945772
                1000000     -4.462303944033391    0.03244016719185329      1.351327020101488
                1000000      -5.05696619379154     0.0337831052652209     0.6146284240885582
                1000000     -5.429627635732343    0.03248266041112964     0.2716735072961886
                1000000     -4.892065242965758    0.03367953184945664     0.7368010943883679
                1000000     -4.774343921316321     0.0339428652330562      1.072093023611391
                1000000     -4.948402302195607    0.03326854087844325     0.6999646606452886
                1000000     -5.529834894634332    0.03239073293352049     0.2195526741755456
                1000000     -5.170424087585166    0.03338129963088465     0.4568631227861094
                1000000     -4.606425260020552    0.03279589191070168      1.047077545208216
                1000000     -5.276317156476385    0.03345469697824381     0.3438493588568739
                1000000     -4.717287685671858    0.03329455884098718      1.190533327701063
                1000000     -4.008639476068497    0.03424139167642908      3.325079680755082
                1000000     -3.872313312091293    0.03546863375847691      3.696568213637564
                1000000     -5.113473816423827    0.03387124392610277     0.5213066566482654
                1000000     -5.223053182579831    0.03333972315973248      0.402941768667453
                1000000     -5.000648963414064    0.03337238687242124     0.6601849424880716
                1000000     -5.329388714334979    0.03297585298430667     0.3184827949301738
                1000000     -5.381643055451184    0.03282613883543247     0.3044421188732829
                1000000      -5.63229135021236    0.03271230145128343     0.1433455163869974
                1000000     -5.581631180672024    0.03293526648407585     0.1823581244317712
                1000000     -3.665444902824643    0.03466236590247541      3.825722553277492
                1000000     -5.480466195275907    0.03255017146413146     0.2558405929959852
                1000000     -5.789603318748266    0.03278347021742505      0.126794772622224
                1000000     -5.683599430103534    0.03334668309045709     0.1422866678835518
                1000000     -5.736094297853259    0.03304249233774137      0.150425918478392
                1000000     -6.146975337242287    0.03252135649358194    0.04857288584984268
                1000000     -5.998832561711578    0.03345778233803107    0.07405157872769337
                1000000     -6.373853343648519    0.03443603483608516    0.03043006849194104
                1000000     -5.943775490588864    0.03326751130783515    0.08368197155870265
                1000000     -6.199132613502174    0.03323306085497098    0.04044334857484824
                1000000      -6.05166586204076    0.03256337938215629    0.06307017298825583
                1000000      -5.89149394256187    0.03282254105803746    0.08958121250549365
                1000000     -5.841452382061496    0.03246089864160735     0.1178836716376498
                1000000      -6.43722234524777    0.03526274707886121    0.02704820322084818
                1000000     -6.311750506234882    0.03451937647038817    0.03093465130491488
                1000000     -6.560425760241298    0.03313809547492887    0.01485000754244513
                1000000     -6.255185691374122     0.0339892689924594    0.03478515615945022
                1000000     -6.795498989247716    0.03266874538601535   0.006325457511044096
                1000000     -6.503093549787468    0.03477805781356758    0.01812494961872306
                1000000     -6.657789185462207    0.03244248973078511   0.008975464507948977
                1000000      -6.09968222354579    0.03249902258301308     0.0482274762106616
                1000000      -6.74935891876345    0.03200107875135128   0.004842457649100184
                1000000     -7.016395379958925    0.03302078869951858    0.00265365058631074
                1000000     -7.160677526509394    0.03302074570579606   0.002095674174786722
                1000000     -6.850097085968667    0.03356024756088705   0.005953033054211068
                1000000     -6.606894009315544    0.03222024907940344    0.01058553932631307
                1000000     -6.964067983094494    0.03382021587604861   0.003519809963326217
                1000000     -7.270092416363419    0.03298068500506317   0.001042041262375092
                1000000     -7.216471804806369    0.03250045115867702   0.001574046744070607
                1000000     -6.906300365508256    0.03335933519984094   0.005312555464658659
                1000000     -7.366469920624205    0.03425225375300613    0.00100573867517153
                1000000     -7.492646389543389    0.03419590446111315  0.0006982356197005257
                1000000     -6.703150278989194    0.03206955550819506   0.006060756212322868
                1000000     -7.106946705973018    0.03214517087656517   0.001810431985290421
                1000000      -7.43333691457121    0.03345494955856508  0.0006779822788895518
                1000000     -7.065255779460804    0.03244683867336001   0.001694433650684216
                1000000     -7.548818062752295     0.0338116201937971  0.0003883078842306176
                1000000     -7.314821248496489    0.03180635164504975  0.0008329555412575587
                1000000      -7.71634494538783    0.03319202657532361  0.0002394487427900632
                1000000     -7.920543409742125    0.03126201509266947  8.853686525049706e-05
                1000000     -7.802918976897213    0.03235649584078612  0.0001416036712295008
                1000000     -7.649740248235775    0.03274001255396956  0.0001913376419171867
                1000000     -7.864653906409098    0.03221406582335684  8.873480475849471e-05
                1000000     -8.216458215139026    0.03088097434029222  1.893679246794477e-05
                1000000     -7.599025350314449    0.03268093106746861  0.0003063481992985266
                1000000     -7.763393847938475    0.03047539306659015  7.254651802073341e-05
                1000000     -8.291539634650565    0.02942875572427883  9.436834699715868e-06
                1000000     -8.435195526617488     0.0295864462372618  1.894501594762901e-05
                1000000      -8.01664677144529    0.02942118212144353  9.442341880661393e-06
                1000000     -8.060037669348123    0.03104773467976595  4.807279923097709e-05
                1000000     -8.163973672709844    0.02940871727896593  9.477583178106449e-06
                1000000     -8.562487446527406    0.02937245421114425   9.45374236899563e-06
                1000000     -7.966727864985705    0.02936143246947314  9.664625978349824e-06
                1000000     -3.475608748092874    0.03039416493665698     0.8383797042821201
                1000000      3.494621848815871    0.02998252301725343      11816.61356175956
                1000000     -3.280740631990346    0.03032657466525372       8.08661250622321
                1000000      7.479309424410266    0.03105602885093612      893.7850304878954
                1000000      11.49840764248521    0.02921759845683704      22.89109047268919
                1000000      11.02580842005488    0.02921540305082899      22.55428259377987
                1000000      9.986156635514993    0.02921426656470203      24.02957971016215
                1000000      3.612695401218004    0.03038009758722038      9252.713536364063
                1000000      6.201668327435527    0.03111155669090705      948.8266381584332
                1000000      8.708650204851924    0.02920551077487534      57.28795428802702
                1000000      8.530479603190548    0.03062949268350827      81.41355532276378
                1000000       6.09743798042256    0.02992519942576025      220.5702512490686
                1000000      2.893669587668407    0.03179339209185432      37619.98125445439
                1000000      2.610414228501207    0.03101272702310876      55502.11883296942
                1000000      1.796880936590609    0.03382194722731442      65102.32674931335
                1000000      1.505326770117033     0.0321981019096948      45884.36145492899
                1000000      2.717413829057948    0.03023455750585915      27955.04827117251
                1000000      2.350580634162145     0.0320643648424964       50487.8946250753
                1000000      1.374851571448208    0.03231260377808765      55541.44426257887
                1000000      2.150100657506071    0.03186212591709958      67907.60382256185
                1000000      1.659099434859727    0.03203506343398012      55542.13894813431
                1000000     0.3632242808163982    0.03167241115385988      56525.15286955378
                1000000     0.1755783795699259    0.03176015160666135      52971.23319972032
                1000000       1.01245593234466    0.03218009076699503      53697.63700256983
                1000000      1.932216144776662    0.03118599282763451      54866.89297361996
                1000000      2.035097105792148    0.03016095856660071      53648.19974568656
                1000000     0.8552930713989271     0.0320912659921859      52101.98913802367
                1000000      1.234475814258306    0.03057708937685914      48925.91284442218
                1000000     0.7224204604276385    0.03096145196901221      51753.15099305065
                1000000      1.133596678587207    0.02854782276670316      23371.57246416462
                1000000     0.5043242974956447    0.02947057823606043      35910.82859220382
                1000000    -0.4969237380928046     0.0295078492921402      20971.84177607512
                1000000     -1.047051162561171    0.02890111650788479      6082.014929575571
                1000000    -0.3020567193619045     0.0280996532862074      15890.17180314139
                1000000    -0.1316732596381082    0.02803353867991287      19731.36421290488
                1000000   -0.02973345351286105     0.0279449071177267      20713.48697027731
                1000000     0.5977089294079777    0.02805181460902888       25519.0582235214
                1000000      1.548000970913468    0.02773911345556757       19194.0386266187
                1000000    -0.6866218961437334    0.02814695252808611      6291.403960385353
                1000000     0.3186495954189299    0.02804340707357137      23405.54806339166
                1000000      3.207394841293014    0.02845401561223668      13268.80560119113
                1000000      3.846470081304965    0.02816968491706857      4156.507600852075
                1000000      3.992671488352149    0.02761274327316035      994.3803094864983
                1000000      5.887948577492275    0.02593287765016544      28.42449053002715
                1000000     0.2134138736564838    0.02758287888768057      13837.19064021362
                1000000    -0.8733775345012423    0.02741343396240009      2081.392378142823
                1000000     0.1394416731102849    0.02735910179122145      7939.464497185601
                1000000     -1.292886785830365    0.02724537668673317       2205.96097896586
                1000000      2.994055098775704     0.0253984621054723      34.36916588527848
                1000000     0.9760882266941987    0.02538291673586565      53.11339297417108
                1000000    0.04631085436453115    0.02540321306968082      100.4727911532035
                1000000     -3.143009384622971    0.02814290502550386      25.65830147428824
                1000000     -2.660763301252433    0.02862257016540519      2079.892602618152
                1000000     -2.524469204802434     0.0278288615814922      2769.392918391382
                1000000     -2.292789650364522    0.02759964892335704      3168.355679165781
                1000000    -0.7661944688496989    0.02518299097546966      26.33294725824044
