#! FIELDS ld1 file.free der_ld1
#! SET min_ld1 -60.0
#! SET max_ld1 60.0
#! SET nbins_ld1  121
#! SET periodic_ld1 false
  -60.000000000    8.058682647   -0.000000000
  -59.000000000    8.058682647   -0.000000000
  -58.000000000    8.058682647   -0.000000000
  -57.000000000    8.042661715   -0.086303525
  -56.000000000    7.352346544   -1.774007117
  -55.000000000    4.499813012   -3.255871032
  -54.000000000    1.931997627   -1.853869367
  -53.000000000    0.710350950   -0.585409927
  -52.000000000    0.591211078    0.350662937
  -51.000000000    1.286410617    0.942016415
  -50.000000000    2.178457812    0.829135988
  -49.000000000    2.680114203    0.189427030
  -48.000000000    2.683032511   -0.174265217
  -47.000000000    2.441722238   -0.205272909
  -46.000000000    2.246653927   -0.123543327
  -45.000000000    2.153901494   -0.125988690
  -44.000000000    2.168117643    0.065607319
  -43.000000000    2.282554383    0.211829422
  -42.000000000    2.388297111    0.059378238
  -41.000000000    2.517363249    0.065606209
  -40.000000000    2.629606490    0.186553924
  -39.000000000    2.756183457    0.083965968
  -38.000000000    2.805287270    0.015889479
  -37.000000000    2.780741962   -0.015243339
  -36.000000000    2.798530062   -0.063119977
  -35.000000000    2.726956746   -0.002882472
  -34.000000000    2.635838420   -0.104261234
  -33.000000000    2.536962290   -0.125915131
  -32.000000000    2.456770048   -0.055655657
  -31.000000000    2.424090901   -0.152234578
  -30.000000000    2.411593904    0.047586561
  -29.000000000    2.455521186    0.148602480
  -28.000000000    2.553478204    0.143024688
  -27.000000000    2.696665636    0.146673468
  -26.000000000    2.821697911    0.128974780
  -25.000000000    2.959536201    0.131494356
  -24.000000000    3.065708613    0.074917795
  -23.000000000    3.131935512    0.099538942
  -22.000000000    3.224338718    0.181146600
  -21.000000000    3.345754764    0.107250775
  -20.000000000    3.508874095    0.149703200
  -19.000000000    3.661065756    0.113199569
  -18.000000000    3.746276382    0.022141903
  -17.000000000    3.760024164   -0.070087437
  -16.000000000    3.672474617    0.000863111
  -15.000000000    3.636105237   -0.094216609
  -14.000000000    3.589509515    0.017488057
  -13.000000000    3.599538551   -0.067180943
  -12.000000000    3.565929863   -0.118521252
  -11.000000000    3.476675691   -0.057012353
  -10.000000000    3.464961216    0.104082633
   -9.000000000    3.662165736    0.265171648
   -8.000000000    3.942230382    0.335700910
   -7.000000000    4.193938490    0.090790283
   -6.000000000    4.264618471    0.148800338
   -5.000000000    4.242641682   -0.150730520
   -4.000000000    4.196706393   -0.117935659
   -3.000000000    4.166586017    0.048327944
   -2.000000000    4.110053883    0.043010838
   -1.000000000    4.176080499    0.046369196
    0.000000000    4.254487986    0.128767660
    1.000000000    4.421535438    0.015730742
    2.000000000    4.489080687    0.139988540
    3.000000000    4.548966765   -0.149742774
    4.000000000    4.525481858    0.040227770
    5.000000000    4.475139870    0.032252099
    6.000000000    4.395551453   -0.137489761
    7.000000000    4.336346340   -0.117612804
    8.000000000    4.183337933   -0.196926712
    9.000000000    4.017511900   -0.266052503
   10.000000000    3.789669327   -0.217739821
   11.000000000    3.531293108   -0.185950820
   12.000000000    3.273650694   -0.309328677
   13.000000000    3.027025416   -0.178837233
   14.000000000    2.876408142   -0.089053909
   15.000000000    2.700177590   -0.101912403
   16.000000000    2.601604422   -0.111105529
   17.000000000    2.580467277   -0.045889746
   18.000000000    2.705389286    0.102780635
   19.000000000    2.855925983    0.230370051
   20.000000000    2.951107985    0.023013496
   21.000000000    2.862305166   -0.294535532
   22.000000000    2.576634351   -0.371063915
   23.000000000    2.301823914   -0.257370601
   24.000000000    2.313647458    0.231015302
   25.000000000    2.575124885    0.364742290
   26.000000000    3.004928463    0.304080282
   27.000000000    3.196024219    0.087044971
   28.000000000    3.163876666   -0.072966286
   29.000000000    3.020346600   -0.119246208
   30.000000000    2.839073015   -0.089390660
   31.000000000    2.781721151   -0.119876393
   32.000000000    2.741450305    0.051434998
   33.000000000    2.797184235    0.096490016
   34.000000000    2.895774175    0.070330745
   35.000000000    2.993153188    0.071343325
   36.000000000    3.040046321    0.070570990
   37.000000000    3.183494943    0.025532716
   38.000000000    3.171813493   -0.003847708
   39.000000000    3.158422542    0.000831504
   40.000000000    3.071177964   -0.137641288
   41.000000000    2.789112803   -0.443625593
   42.000000000    2.424739962   -0.356432549
   43.000000000    2.120223591   -0.218240738
   44.000000000    1.958586377   -0.286891317
   45.000000000    1.737735336   -0.197557427
   46.000000000    1.615055481   -0.082757704
   47.000000000    1.633711731    0.115645475
   48.000000000    1.769550162    0.211508803
   49.000000000    1.986665511    0.209601241
   50.000000000    2.112656729   -0.010184212
   51.000000000    1.932663497   -0.497093016
   52.000000000    1.188511636   -0.858811336
   53.000000000    0.330740825   -0.672457738
   54.000000000    0.000000000    0.027197769
   55.000000000    0.533238840    1.034675096
   56.000000000    2.173227018    2.243727279
   57.000000000    5.074416037    3.407457271
   58.000000000    7.666325467    1.237555390
   59.000000000    8.056114452    0.019721498
   60.000000000    8.058682647   -0.000000000
