#! FIELDS ld1 file.free der_ld1
#! SET min_ld1 -60.0
#! SET max_ld1 60.0
#! SET nbins_ld1  121
#! SET periodic_ld1 false
  -60.000000000    9.778333213   -0.000000000
  -59.000000000    9.778333213   -0.000000000
  -58.000000000    9.778262161   -0.001494088
  -57.000000000    9.649041872   -0.534784628
  -56.000000000    7.722440633   -3.535635265
  -55.000000000    3.892258046   -3.294527689
  -54.000000000    1.407309106   -1.823912149
  -53.000000000    0.177087508   -0.593996861
  -52.000000000    0.058986705    0.352226622
  -51.000000000    0.769449945    0.957550179
  -50.000000000    1.704927860    0.908126059
  -49.000000000    2.377068882    0.472267337
  -48.000000000    2.739310846    0.259504058
  -47.000000000    2.893341396    0.114118959
  -46.000000000    2.951711000    0.029391129
  -45.000000000    2.963735835   -0.047409818
  -44.000000000    2.988288405    0.017862099
  -43.000000000    3.040363164    0.131935910
  -42.000000000    3.036744477   -0.100196100
  -41.000000000    3.015755377   -0.041939306
  -40.000000000    3.047181112    0.113203599
  -39.000000000    3.093491379    0.008022814
  -38.000000000    3.084814280   -0.004258622
  -37.000000000    3.043148519   -0.032511593
  -36.000000000    3.038528499   -0.065870993
  -35.000000000    2.969551386   -0.017712106
  -34.000000000    2.883718919   -0.105974369
  -33.000000000    2.784203214   -0.122583917
  -32.000000000    2.679478749   -0.095489993
  -31.000000000    2.623050455   -0.159053945
  -30.000000000    2.588536665    0.010688536
  -29.000000000    2.590635459    0.080855669
  -28.000000000    2.625646439    0.082477700
  -27.000000000    2.675457102    0.002421416
  -26.000000000    2.659040636   -0.014150237
  -25.000000000    2.612180490   -0.096207580
  -24.000000000    2.525732388   -0.096012470
  -23.000000000    2.381997524   -0.104838358
  -22.000000000    2.321334661    0.077104967
  -21.000000000    2.434324401    0.190534759
  -20.000000000    2.695633751    0.200714246
  -19.000000000    2.894234689    0.225577967
  -18.000000000    3.056647742    0.046402976
  -17.000000000    3.102659312    0.031516097
  -16.000000000    3.159031521    0.156782900
  -15.000000000    3.326464641    0.164968664
  -14.000000000    3.530949605    0.196499072
  -13.000000000    3.692979099    0.086980198
  -12.000000000    3.778726445    0.029043046
  -11.000000000    3.787693299   -0.033109702
  -10.000000000    3.804973986    0.055911757
   -9.000000000    3.864158821    0.039774428
   -8.000000000    3.942163913    0.179556785
   -7.000000000    4.033851397    0.034518057
   -6.000000000    4.119034477    0.145766596
   -5.000000000    4.186447632    0.000749309
   -4.000000000    4.237669712   -0.008213221
   -3.000000000    4.264349507    0.069729848
   -2.000000000    4.242926190    0.018253888
   -1.000000000    4.259587764   -0.002056923
    0.000000000    4.256994521    0.015843245
    1.000000000    4.312588410   -0.022139560
    2.000000000    4.332847796    0.004812556
    3.000000000    4.353793453   -0.101137063
    4.000000000    4.312173515    0.039323739
    5.000000000    4.238583298   -0.068936192
    6.000000000    4.170418844   -0.033509555
    7.000000000    4.138745176   -0.124206736
    8.000000000    4.018960169   -0.136149680
    9.000000000    3.918874086   -0.179445622
   10.000000000    3.781783735   -0.122621454
   11.000000000    3.632110724   -0.088573126
   12.000000000    3.490251131   -0.161014813
   13.000000000    3.359368463   -0.085710293
   14.000000000    3.270482423   -0.067766100
   15.000000000    3.138754735   -0.051589577
   16.000000000    3.037188553   -0.138090212
   17.000000000    2.935301295   -0.167299405
   18.000000000    2.907860730   -0.061601676
   19.000000000    2.906887206    0.065811597
   20.000000000    2.875654679   -0.065685398
   21.000000000    2.718678185   -0.305462576
   22.000000000    2.402882291   -0.390769944
   23.000000000    2.128284774   -0.243537881
   24.000000000    2.091368367    0.147469758
   25.000000000    2.332810208    0.351255322
   26.000000000    2.744753204    0.357928621
   27.000000000    3.012090636    0.163158290
   28.000000000    3.091795548    0.036098978
   29.000000000    3.044242812   -0.035634620
   30.000000000    2.943114499   -0.050107719
   31.000000000    2.891687512   -0.092430317
   32.000000000    2.842380306    0.002204625
   33.000000000    2.820995303   -0.040543908
   34.000000000    2.819520702   -0.008617782
   35.000000000    2.826557939   -0.017960996
   36.000000000    2.800751602   -0.017937042
   37.000000000    2.839691325   -0.026202282
   38.000000000    2.829511818    0.036846681
   39.000000000    2.846028666   -0.005741868
   40.000000000    2.844642027    0.006362912
   41.000000000    2.798362642   -0.134684163
   42.000000000    2.727572167   -0.085965286
   43.000000000    2.664755385   -0.002011897
   44.000000000    2.667704021   -0.149445955
   45.000000000    2.558825322   -0.111344562
   46.000000000    2.472532333   -0.088192055
   47.000000000    2.475350938    0.069776046
   48.000000000    2.502721234    0.047599766
   49.000000000    2.527483963   -0.014791413
   50.000000000    2.409990399   -0.264947130
   51.000000000    2.018777753   -0.618277085
   52.000000000    1.216662319   -0.907382153
   53.000000000    0.344815425   -0.671566112
   54.000000000    0.000000000    0.021029123
   55.000000000    0.536812689    1.032457325
   56.000000000    2.150655827    2.193450020
   57.000000000    5.007023889    3.591448865
   58.000000000    8.592388061    2.674679185
   59.000000000    9.740946938    0.182613771
   60.000000000    9.778333213   -0.000000000
