#! FIELDS ld1 file.free der_ld1
#! SET min_ld1 -100.0
#! SET max_ld1 50.0
#! SET nbins_ld1  151
#! SET periodic_ld1 false
 -100.000000000   51.805809739   -0.000000000
  -99.000000000   51.805809739   -0.000000000
  -98.000000000   51.805809739   -0.000000000
  -97.000000000   51.805809739   -0.000000000
  -96.000000000   51.805809739   -0.000000000
  -95.000000000   51.584200823   -0.949072266
  -94.000000000   47.421588284   -8.286774158
  -93.000000000   37.657167957   -8.912086767
  -92.000000000   29.850615588   -7.481172736
  -91.000000000   22.764782776   -6.468255654
  -90.000000000   16.591520854   -5.811342215
  -89.000000000   11.508350999   -4.947199116
  -88.000000000    7.405915721   -3.749105764
  -87.000000000    4.297831326   -2.246473578
  -86.000000000    2.233490643   -1.238329976
  -85.000000000    1.192251076   -0.472038896
  -84.000000000    1.169089523   -0.014282060
  -83.000000000    1.846370663    0.617678944
  -82.000000000    2.498762454    0.707235126
  -81.000000000    2.763270483    0.261046285
  -80.000000000    2.976815398    0.170763385
  -79.000000000    3.328720287    0.339586941
  -78.000000000    3.753886349    0.304552128
  -77.000000000    4.164520723    0.387275048
  -76.000000000    4.303082689   -0.089472742
  -75.000000000    4.290416909    0.127644875
  -74.000000000    4.023709096    0.161045891
  -73.000000000    3.931939562   -0.376737536
  -72.000000000    3.782621317    0.093070173
  -71.000000000    3.255381886   -0.834528711
  -70.000000000    3.032342810   -1.215806880
  -69.000000000    2.620952873    0.636907101
  -68.000000000    2.395858861    0.549402420
  -67.000000000    2.868709507   -0.080941032
  -66.000000000    3.582822103    0.742945117
  -65.000000000    4.130594375    0.630666317
  -64.000000000    4.411542456   -0.072091022
  -63.000000000    4.622106791   -0.062433587
  -62.000000000    4.919629436    0.615709363
  -61.000000000    5.242718270    1.066141309
  -60.000000000    5.692665368   -0.096366486
  -59.000000000    6.103763957    0.147036503
  -58.000000000    6.130551478   -0.088543260
  -57.000000000    6.188386470   -0.203997118
  -56.000000000    5.898717520    0.033252889
  -55.000000000    5.765053475   -0.643928557
  -54.000000000    5.482424072    0.212481669
  -53.000000000    5.189128419   -0.318071169
  -52.000000000    5.039840305   -0.727477834
  -51.000000000    4.810570429   -0.039621539
  -50.000000000    4.531975702   -0.126727370
  -49.000000000    4.283718437   -0.187283571
  -48.000000000    3.980883089    0.164358568
  -47.000000000    3.654827744   -0.808102281
  -46.000000000    3.456904926   -0.410670017
  -45.000000000    3.074311230    0.228590823
  -44.000000000    2.701102396   -0.359929618
  -43.000000000    2.558212460   -0.545753080
  -42.000000000    2.592818325    0.252315319
  -41.000000000    2.660210533    0.385167458
  -40.000000000    2.975269697    0.281612914
  -39.000000000    3.115985327    0.439456226
  -38.000000000    3.385571095   -0.132402449
  -37.000000000    3.764289950    0.523933077
  -36.000000000    3.962080137    0.648353100
  -35.000000000    4.237541459   -0.098596984
  -34.000000000    4.486926189   -0.068614561
  -33.000000000    4.657084765    0.220564265
  -32.000000000    4.720090296    0.131816596
  -31.000000000    4.785342804    0.243753055
  -30.000000000    4.817458418    0.041302481
  -29.000000000    4.802587273   -0.017623693
  -28.000000000    4.718151326    0.045521223
  -27.000000000    4.618110531    0.114782092
  -26.000000000    4.478272196   -0.141503120
  -25.000000000    4.403499456   -0.414202848
  -24.000000000    4.294068553   -0.139590099
  -23.000000000    4.297217869    0.042630845
  -22.000000000    4.364357155    0.176424375
  -21.000000000    4.448220586   -0.175084934
  -20.000000000    4.741497876    0.096575041
  -19.000000000    4.910018463    0.865124850
  -18.000000000    4.985406107    0.081750458
  -17.000000000    5.137107117   -0.446260992
  -16.000000000    5.103281646    0.056958255
  -15.000000000    5.025702620   -0.071549183
  -14.000000000    5.098156102   -0.038277748
  -13.000000000    4.883693629    0.117867468
  -12.000000000    4.674516611   -0.744419995
  -11.000000000    4.378582011   -0.501913862
  -10.000000000    3.956210557   -0.105510503
   -9.000000000    3.457214082   -0.355147413
   -8.000000000    3.020643651   -0.464146425
   -7.000000000    2.701140999   -0.143196774
   -6.000000000    2.594052257    0.005087432
   -5.000000000    2.752940343    0.139612836
   -4.000000000    3.021590213    0.405103582
   -3.000000000    3.196927443    0.148382766
   -2.000000000    3.482952207    0.116556977
   -1.000000000    3.578764696    0.650297400
    0.000000000    3.728362147   -0.128678782
    1.000000000    3.996431236    0.172111521
    2.000000000    4.046182480    0.365079444
    3.000000000    4.349572054   -0.545627201
    4.000000000    4.518493918    0.643798662
    5.000000000    4.506725637    0.348896599
    6.000000000    4.724518977   -0.088918282
    7.000000000    4.845031316    0.025054841
    8.000000000    5.014746476    0.517241731
    9.000000000    5.087197491    0.184199412
   10.000000000    5.266551009   -0.318005841
   11.000000000    5.308255227   -0.037243117
   12.000000000    5.306504438    0.194943671
   13.000000000    5.025756746    0.213337521
   14.000000000    4.798172026   -0.818187688
   15.000000000    4.435795011   -0.327446922
   16.000000000    3.901800735   -0.869148376
   17.000000000    3.141674823   -1.115048410
   18.000000000    2.335287372   -0.706259471
   19.000000000    1.853605940    0.181332205
   20.000000000    1.710477789    0.313306248
   21.000000000    1.952017983    0.013958490
   22.000000000    2.330486037    0.313390747
   23.000000000    2.577275213    0.295940023
   24.000000000    2.835839794    0.048601119
   25.000000000    2.937409262    0.168124533
   26.000000000    2.965339893    0.111727573
   27.000000000    2.938654738    0.117643815
   28.000000000    2.806080433   -0.085289843
   29.000000000    2.506567177   -0.507793020
   30.000000000    2.137963299   -0.613620686
   31.000000000    1.819775480   -0.079863305
   32.000000000    1.552990663   -0.248981349
   33.000000000    1.199392429   -0.498183820
   34.000000000    0.556291561   -0.687127914
   35.000000000    0.000000000   -0.413244031
   36.000000000    0.100679138    0.659617944
   37.000000000    1.160947588    1.398467494
   38.000000000    2.472041535    0.757154246
   39.000000000    2.608923050    0.246391954
   40.000000000    3.104063191    0.428530299
   41.000000000    4.099100588    1.231964233
   42.000000000    5.641242200    1.944590099
   43.000000000    7.739699099    2.630020176
   44.000000000   10.284560223    2.635967317
   45.000000000   13.193136508    2.823041894
   46.000000000   16.588198978    3.624138343
   47.000000000   20.553075173    4.287543155
   48.000000000   25.665681568    5.590636953
   49.000000000   31.547237920    6.591675580
   50.000000000   38.689339414    7.431893616
