#! FIELDS ld1 file.free der_ld1
#! SET min_ld1 -100.0
#! SET max_ld1 50.0
#! SET nbins_ld1  151
#! SET periodic_ld1 false
 -100.000000000   46.228494334   -0.000000000
  -99.000000000   46.228494334   -0.000000000
  -98.000000000   46.228494334   -0.000000000
  -97.000000000   46.228494334   -0.000000000
  -96.000000000   46.228494334   -0.000000000
  -95.000000000   46.228494334   -0.000000000
  -94.000000000   45.880679767   -1.303476361
  -93.000000000   42.030048173   -6.478560767
  -92.000000000   33.465327873   -9.235884397
  -91.000000000   26.020557814   -6.111071808
  -90.000000000   19.801780583   -6.155576545
  -89.000000000   14.594985855   -4.880493324
  -88.000000000   10.354438223   -4.068095947
  -87.000000000    7.011018034   -2.436773416
  -86.000000000    4.728245048   -1.450680677
  -85.000000000    3.461254361   -0.728535470
  -84.000000000    3.096004790   -0.382022082
  -83.000000000    3.478702185    0.316532568
  -82.000000000    3.883469671    0.534911231
  -81.000000000    3.933303958    0.079594506
  -80.000000000    4.012095408   -0.023398788
  -79.000000000    4.253437119    0.387292711
  -78.000000000    4.703718703    0.228010518
  -77.000000000    5.071774140    0.454825142
  -76.000000000    5.316224678    0.034172424
  -75.000000000    5.518470364    0.354984034
  -74.000000000    5.408306956    0.333258360
  -73.000000000    5.404953959   -0.378855031
  -72.000000000    5.386686912    0.268719443
  -71.000000000    4.931181920   -0.677640331
  -70.000000000    4.827860562   -1.337871466
  -69.000000000    4.450292568    0.855756374
  -68.000000000    4.291213426    0.627391514
  -67.000000000    4.813457029   -0.188396661
  -66.000000000    5.500645784    0.659248833
  -65.000000000    5.712811907    0.304915840
  -64.000000000    5.802960742   -0.307527052
  -63.000000000    5.706160830   -0.290721296
  -62.000000000    5.831197575    0.335905611
  -61.000000000    5.933289711    1.060642719
  -60.000000000    6.284003367   -0.282715664
  -59.000000000    6.783333857    0.426369049
  -58.000000000    6.919934190   -0.035856074
  -57.000000000    7.161897521   -0.084711163
  -56.000000000    7.014901545    0.364957530
  -55.000000000    7.101765279   -0.645318262
  -54.000000000    6.978578089    0.566884828
  -53.000000000    6.785841920   -0.433201595
  -52.000000000    6.689240767   -0.551538606
  -51.000000000    6.530804431   -0.096226590
  -50.000000000    6.248908611    0.004905769
  -49.000000000    6.086876651   -0.200601581
  -48.000000000    5.803466226    0.254136566
  -47.000000000    5.469842040   -0.861527287
  -46.000000000    5.371090873   -0.324058589
  -45.000000000    4.979594863    0.262720996
  -44.000000000    4.622553464   -0.363868357
  -43.000000000    4.396067142   -0.790859201
  -42.000000000    4.233351409    0.085630662
  -41.000000000    3.989807839    0.061691486
  -40.000000000    4.022749770   -0.043107572
  -39.000000000    3.959724009    0.441117844
  -38.000000000    4.180355901   -0.253333655
  -37.000000000    4.551679072    0.548764958
  -36.000000000    4.732615775    0.712643614
  -35.000000000    5.103954046   -0.019854526
  -34.000000000    5.399987241   -0.091690290
  -33.000000000    5.605391428    0.339700550
  -32.000000000    5.774813002    0.235677221
  -31.000000000    5.873458745    0.203018904
  -30.000000000    5.965952278    0.210934623
  -29.000000000    6.076261836    0.067716485
  -28.000000000    6.147098603    0.220585363
  -27.000000000    6.145674646    0.164449364
  -26.000000000    6.052844500   -0.041971307
  -25.000000000    6.057466707   -0.424164784
  -24.000000000    6.046414640    0.056212868
  -23.000000000    6.038027507   -0.161348387
  -22.000000000    6.088090336    0.346999636
  -21.000000000    6.194933387   -0.174421447
  -20.000000000    6.537282680   -0.014734827
  -19.000000000    6.638808917    0.954975188
  -18.000000000    6.728254818    0.072894671
  -17.000000000    6.775668234   -0.730288952
  -16.000000000    6.684593012    0.188740728
  -15.000000000    6.439523757   -0.420570591
  -14.000000000    6.362455687   -0.104043580
  -13.000000000    6.008379471    0.025491794
  -12.000000000    5.772152661   -0.736457666
  -11.000000000    5.503243167   -0.547051307
  -10.000000000    4.995973735   -0.170578572
   -9.000000000    4.525576150   -0.215095963
   -8.000000000    4.158374022   -0.505402997
   -7.000000000    3.802612712   -0.147921325
   -6.000000000    3.716254940   -0.012689611
   -5.000000000    3.789182903    0.011121701
   -4.000000000    3.934268090    0.299184594
   -3.000000000    4.023366956    0.152274161
   -2.000000000    4.336020953    0.074521274
   -1.000000000    4.457434964    0.742135291
    0.000000000    4.580122259   -0.182063054
    1.000000000    4.878976402    0.149699279
    2.000000000    4.848812371    0.358936380
    3.000000000    5.142968187   -0.647674302
    4.000000000    5.296335097    0.699215328
    5.000000000    5.191595967    0.244543823
    6.000000000    5.396144989   -0.155389856
    7.000000000    5.435551768    0.009702865
    8.000000000    5.613628050    0.499319796
    9.000000000    5.619904379    0.105809979
   10.000000000    5.790462699   -0.264710558
   11.000000000    5.899003688    0.103006178
   12.000000000    6.115757159    0.333652455
   13.000000000    6.017339576    0.676537094
   14.000000000    6.280660927   -0.552977356
   15.000000000    6.331932051    0.366739923
   16.000000000    6.427133444   -0.267298022
   17.000000000    6.538833504   -0.117194684
   18.000000000    6.510862867   -0.164227169
   19.000000000    6.447388584    0.455503202
   20.000000000    6.269671759    0.090554290
   21.000000000    6.138735930   -0.579655985
   22.000000000    5.919728692   -0.270980995
   23.000000000    5.528131015   -0.317092053
   24.000000000    5.273960490   -0.400528685
   25.000000000    5.026262358   -0.115209175
   26.000000000    4.738965463   -0.145110233
   27.000000000    4.565042134   -0.022207019
   28.000000000    4.222299773   -0.286793465
   29.000000000    3.796818340   -0.577494721
   30.000000000    3.362775160   -0.741584705
   31.000000000    2.891944720   -0.255018523
   32.000000000    2.374304399   -0.521977152
   33.000000000    1.712478527   -0.891132079
   34.000000000    0.693935110   -0.932234180
   35.000000000    0.000000000   -0.544632016
   36.000000000    0.026894764    0.702512128
   37.000000000    1.218087253    1.712673169
   38.000000000    3.377018162    2.019395036
   39.000000000    4.428958357    0.606104087
   40.000000000    4.852081297    0.115090234
   41.000000000    5.499646733    0.783937369
   42.000000000    6.587872790    1.615604725
   43.000000000    8.423101970    2.379522176
   44.000000000   10.877155763    2.874757549
   45.000000000   14.357214175    3.577522879
   46.000000000   18.531805344    4.390458183
   47.000000000   23.257904146    4.954003462
   48.000000000   28.808481783    5.672902087
   49.000000000   34.214058038    6.404020441
   50.000000000   42.264444700    7.674788637
