-7.610000035676743657e+00 2.783916469686960049e+00 5.115390327167712137e+00
-7.639146107744426928e+00 2.492040203240305285e+00 5.072916235941267615e+00
-7.401199898497278440e+00 2.194354373612004139e+00 5.204940528132433464e+00
-6.974305549354584244e+00 1.718442742006709878e+00 4.771228338033842498e+00
-6.815254355912579776e+00 1.744825382211988796e+00 4.706700688988473935e+00
-6.423141639750612697e+00 1.327525216214534787e+00 4.294354094953814815e+00
-6.917262874729988908e+00 7.726462269597754728e-01 3.709211902878738698e+00
-7.730818536068905900e+00 8.266203937574985172e-01 3.639057395940122230e+00
-8.272636518076430079e+00 3.448881595475403739e-01 3.084118385705463705e+00
-8.128289851268657884e+00 5.173811306688966827e-01 2.199787233674334708e+00
-7.798566740142897302e+00 1.223084671047051097e+00 2.023692349120720380e+00
-7.546338295705716348e+00 1.449083748369335733e+00 1.225818003251078370e+00
-6.690562161784079365e+00 1.081169835153196424e+00 9.591133283975695756e-01
-6.112595326822237496e+00 9.218275389020976762e-01 1.490230956878754176e+00
-5.271163159336754056e+00 5.643112566352662673e-01 1.342407984887254102e+00
-5.337275765807360628e+00 -4.110374751420825534e-01 1.229434739369265284e+00
-5.902636865787885156e+00 -8.522337127416234059e-01 1.684120140313981606e+00
-6.087410862788369847e+00 -1.774086994810843976e+00 1.598543286523095963e+00
-6.424075375295264401e+00 -2.074578563414677834e+00 7.247552930638582191e-01
-6.884515168802895602e+00 -1.553946170991749920e+00 2.667320497732429407e-01
-7.194768188196032810e+00 -1.740435116800615134e+00 -5.989618699805572266e-01
-6.491782906799223873e+00 -1.694139814483305750e+00 -1.304117904994908761e+00
-5.755746615106182240e+00 -1.241454741154589092e+00 -1.194141177965914125e+00
-5.047080282377010008e+00 -1.135029389957710855e+00 -1.834728587023025659e+00
-4.244582523222393711e+00 -1.715037821656920425e+00 -1.630250954449823819e+00
-3.991982577092324291e+00 -1.859275240625397618e+00 -8.318972443765291214e-01
-3.214574212260159047e+00 -2.374438605383328849e+00 -5.525642646190839224e-01
-3.426086621831430978e+00 -3.268657179337944640e+00 6.772431971279940788e-02
-4.244955479441551383e+00 -3.495348852299800857e+00 3.920407945811317796e-01
-4.525197647330100104e+00 -4.321419435036267132e+00 9.978222511385349547e-01
-4.242789845208325694e+00 -4.336801358369179127e+00 2.061113164162520217e+00
-3.858842048865168906e+00 -3.643396977007069548e+00 2.411847988236405893e+00
-3.510799754369620107e+00 -3.548185089479115373e+00 3.402479667788000928e+00
-3.806680508861584489e+00 -2.651452233072536746e+00 3.906439411943508411e+00
-3.755256783921937735e+00 -2.566589842345690986e+00 4.811118372614363814e+00
-3.918121421658403047e+00 -1.716971663010368632e+00 5.385239726064432908e+00
-3.096682865250789618e+00 -1.023618386381645484e+00 5.356878324808474368e+00
-3.288294363567235035e+00 -1.114840804332027230e-01 5.563641413261904312e+00
-2.557682423276438577e+00 6.294539699729457816e-01 5.601596291600023925e+00
-1.704681586385986769e+00 4.088260607962705406e-01 6.374844031491939234e+00
-1.906687303429081215e+00 -2.090864891163076930e-02 7.224723173453398317e+00
-1.157540256341841323e+00 -3.414861390890976955e-01 8.005221859941167750e+00
-4.196241146799485344e-01 -1.212248506432552109e+00 7.711648679069793566e+00
-7.589666831584075402e-01 -1.924200223409419097e+00 7.133056884107525697e+00
-1.001237843278529743e-01 -2.739722451995749708e+00 6.728587298221690105e+00
6.801981715995619737e-01 -2.369080840842346714e+00 5.819571889409755450e+00
3.424090657247573777e-01 -1.633910312955102473e+00 5.179265363432039138e+00
1.031053110532591965e+00 -1.146169693234489584e+00 4.323425159928626194e+00
2.068355714980675941e+00 -4.807447624801574615e-01 4.767595488388646885e+00
1.952285922449574551e+00 5.490977186347822253e-02 5.690827638334627459e+00
2.875737926940638900e+00 6.808349479475305221e-01 6.238034418687842475e+00
3.896294849329661858e+00 -3.620317817152890992e-03 6.716574162783041757e+00
3.785091946344155023e+00 -1.083547530923575364e+00 6.848916521913813504e+00
4.707780700762133286e+00 -1.851459690650318235e+00 7.214113061960468087e+00
5.548289360566267092e+00 -2.315931124484623904e+00 6.178998891035299756e+00
5.300489412189560490e+00 -2.060365701484725864e+00 5.063736918429246892e+00
6.071059626093617823e+00 -2.367169659487923017e+00 3.989448320737093212e+00
7.201221464057230293e+00 -1.360628249723196959e+00 3.744638113896092690e+00
8.352583060233312651e+00 -1.762869089171100301e+00 3.194188184463502722e+00
9.417412612385174242e+00 -8.407372840635691791e-01 2.797181774699618817e+00
8.983074172559208037e+00 1.231490751010646534e-01 1.681690901763337020e+00
9.499698298950482567e+00 1.235465772205321722e+00 1.586045961504319646e+00
9.081714796679392521e+00 2.311363388181367107e+00 6.865927252765879896e-01
9.101586869189262075e+00 2.035115933893822060e+00 -6.951964241349671836e-01
9.993998458737953783e+00 1.306283759373795039e+00 -1.055819263991998991e+00
1.004928001108953062e+01 9.051771558128876016e-01 -2.327660108407572537e+00
9.018544201874911792e+00 5.826664902396536116e-02 -2.650074994597440003e+00
8.575749259847505357e+00 -6.968723109128347470e-01 -1.744784285811542324e+00
7.556559126943416693e+00 -1.501590971007209729e+00 -1.908472024863419714e+00
6.351964090864932189e+00 -7.615540256346311487e-01 -1.936104025601932843e+00
6.211079841992837913e+00 1.609259375227907463e-01 -1.191102703828143428e+00
5.167842106335283070e+00 1.035867932450956319e+00 -1.243856767094972948e+00
5.018194656909616747e+00 1.755611536739021261e+00 -2.512855322155392201e+00
5.974653845210175618e+00 2.219808843830619161e+00 -3.031789384112394181e+00
5.973291767841083733e+00 2.863881957770471054e+00 -4.260054570527405993e+00
5.688756735517118912e+00 2.025887560616358662e+00 -5.279925780536194324e+00
6.058994594986701010e+00 9.140852071972063175e-01 -5.183700341689958080e+00
5.758505530794747251e+00 1.704317422746352145e-02 -6.058302916514893610e+00
4.491599224964987869e+00 -3.296474775862014983e-01 -6.059363756495562470e+00
3.952535407412955504e+00 -4.335913239386394724e-01 -5.042958468463791810e+00
2.733570717510449111e+00 -7.060869543391036229e-01 -4.932218529324406298e+00
1.974736530771924681e+00 2.443522246111937413e-01 -5.338971482423679582e+00
2.288235236829869290e+00 1.278655260962314744e+00 -5.152593453961416436e+00
1.686783738777853259e+00 2.246956904337192640e+00 -5.580524232603306878e+00
1.777215087447728603e+00 2.403296045530665559e+00 -6.819462153817366534e+00
2.628876207349770233e+00 2.146204417650069196e+00 -7.288162099457159648e+00
2.789800765085524770e+00 2.195780019882086265e+00 -8.462446096854531419e+00
2.231381561903941435e+00 1.398150342715126282e+00 -9.016992841110997858e+00
2.151719021941729260e+00 5.292360432366253198e-01 -8.530251545151690706e+00
1.603638150726273803e+00 -2.823602572591070725e-01 -8.953733973781750066e+00
5.172076018708279266e-01 -1.785898626494391572e-01 -8.909213581336770105e+00
1.269211019153590192e-01 3.511921680267999224e-01 -8.239986590812593548e+00
-8.892427012542332143e-01 5.671422123546645544e-01 -8.139705358978108762e+00
-1.115515168009161284e+00 1.410077971881885217e+00 -8.482035591265466579e+00
-4.640462687969710842e-01 1.841643199755222060e+00 -8.773324552258429776e+00
-5.896213974741371100e-01 2.633777550109143384e+00 -9.138193857096446493e+00
-7.198019464502917186e-01 3.360338443368186212e+00 -8.537161470592483425e+00
-4.865099886683332264e-01 3.366472320152982700e+00 -7.702455915182266466e+00
-6.092739094001408118e-01 3.990160981708271049e+00 -7.014663159780901047e+00
1.083189346867474145e-01 4.484021215135706839e+00 -6.846049380473678170e+00
7.044466666571412850e-01 4.363178850460800895e+00 -7.212593403335938902e+00
