-4.029456094295054240e-03
4.440147711413873488e-02
-1.431416388491786129e-04
4.004717370113064501e-02
-5.776054966383353112e-02
-1.766464484716302741e-02
-4.799250890726225460e-02
-1.001417502305981116e-02
8.604627430311314468e-03
-3.589742528040703543e-03
-2.599574654532334217e-02
1.895049407530354987e-02
-4.235010651758671502e-02
6.291422823194225966e-02
2.360121574778623887e-01
2.067128325874273975e-01
-3.184747261018898434e-02
-2.537752755369254154e-01
2.355032997928627886e-02
7.220445235286684698e-04
-7.619155517315866211e-02
-1.830163278484304157e-01
-1.518290587271108310e-03
1.648164963970256414e-01
8.440595214961209292e-02
-6.328048475623962443e-02
5.883103657151268762e-02
-5.800075180224483623e-02
-6.692531076302593585e-02
-2.092711021296853879e-01
-3.128394733993952737e-01
7.801901660143532868e-02
3.047550106040112020e-02
3.902120257497435074e-01
1.148753701030243851e-01
-5.622545458093472504e-02
-8.862150178283534352e-02
-3.522271702093533047e-02
7.223551489998478181e-02
-1.301933766163652084e-01
-5.695603717996625820e-02
-9.137803036363834064e-02
1.090825697253010595e-01
2.140116464415942887e-01
7.859724894893825586e-02
-7.727703599936984469e-02
-1.664840611331990794e-01
-2.254134245322843288e-01
1.268716422000569777e-01
-1.114247855602912701e-01
3.311888500041124672e-01
4.697464094167450727e-02
1.814811337411991465e-01
1.028982088283484780e-01
8.957332363261888419e-02
-2.410792464748009734e-01
-1.997007627756126058e-01
-1.954582534088510626e-01
1.886960248947888164e-01
1.526659833747316952e-01
-5.306646513757280054e-02
-8.434169366709076687e-02
-1.785999083609627891e-01
5.836453331827490265e-02
-5.061058526694948295e-02
-5.329037015137273042e-02
1.392154429065197915e-02
4.676919923796822587e-02
2.881219098687608504e-01
-1.440725600858819809e-02
1.378004066757213542e-01
-1.066105231740574755e-01
1.001903508179416147e-01
-2.046940963166254679e-01
-2.218683757304867887e-01
-1.963804481339038732e-01
1.060098571891198160e-01
2.462072313698935033e-01
2.189656053164600324e-01
1.744960002415988642e-01
4.170774025166006788e-03
1.290993577611881382e-01
-3.269990331361632974e-01
-1.094082694378764944e-02
-3.580067732320393326e-01
2.523894200250397235e-01
-1.310974348315728788e-01
1.496716439587366942e-01
-5.002948147438537885e-02
-1.872452958536862666e-01
-1.934720896585804817e-01
-3.738301072135392644e-01
3.937167424356498580e-01
8.679899910756444514e-02
3.946263403768552891e-01
-2.238186286608973008e-01
3.346198293178922478e-01
-1.263962492955190975e-01
2.997055580655126894e-01
-4.368362193679329875e-01
1.917308272823994575e-01
-5.520713508782936207e-01
2.424728632007740470e-01
-3.825865132125355617e-01
3.643048475241415507e-01
-1.274016373324177998e-01
1.725137428789107197e-01
2.155564856950664687e-01
1.583594769960881832e-01
-1.605866588866982636e-01
-3.629403232220833053e-01
-1.550424218527491071e-01
3.181181875093780365e-01
9.156820661803698191e-02
-2.084606527316699640e-02
-1.668907461552512073e-01
5.100107002405369905e-02
2.109628257847015187e-01
4.546734210452342551e-02
-1.329039311766957998e-01
-1.195419223802260539e-01
2.336854876924170932e-01
1.923540122028947197e-01
4.917270909828908021e-02
-5.255210061870581317e-02
-1.514491748060317056e-01
8.191028042892359307e-02
-6.429975489420769463e-02
4.051949934523102481e-02
-1.419365549471987287e-01
-1.512250537484068347e-01
2.234809835500092268e-01
-2.095237624210846122e-05
1.613631374720284894e-01
-4.141895992216308720e-02
2.415591729725050096e-01
-4.205936234522746064e-02
-9.183253014990969132e-02
-3.174286191717116679e-01
-2.698302103926291662e-01
-5.392140957345743085e-02
6.873377015999634909e-02
2.315596547064126820e-01
1.064839186520266379e-01
3.021719003184408434e-02
-1.591539060788486060e-01
-1.577929265590701305e-02
4.935509612691369591e-02
2.348054853766419758e-01
-1.648760941959303283e-01
-1.016124937087654195e-01
4.684248901495757095e-02
3.795222206943416055e-02
1.027576982484702112e-01
4.140145118317058864e-03
-3.331644891543647513e-02
-2.274854538820001229e-02
-2.126881550879922700e-01
3.896464065241459496e-01
-3.025581356377092176e-02
1.124141130086666746e-01
-2.813467734166512080e-01
1.322267871540472664e-02
-3.870479729947302189e-02
6.576970887167382651e-02
1.326936230160614960e-01
-1.094274470403688027e-01
-2.198524763978183805e-01
-3.664248882520830808e-01
-2.056126726495370247e-02
-1.233931955821620727e-02
2.931549643032274610e-01
1.204387871627598666e-01
1.925261508173454761e-01
-6.088566311146310917e-02
5.819076077606995939e-02
-7.846837154750085919e-02
-1.321266058089212159e-01
-8.399511083067956463e-02
8.417395276229164280e-02
-3.355788423237868884e-02
-1.354992878066782480e-01
-4.625065437471916063e-02
1.343042621098846645e-01
1.685688307677866331e-03
1.195252630045701703e-01
-2.290761588232925056e-02
4.319641873255488096e-01
-2.124117236774947515e-01
-2.124105925208347456e-01
-4.899212149360863688e-01
5.787659003086785825e-01
2.465060627943290450e-01
3.703078743981814136e-01
-5.998444823489260669e-01
1.038330859847565596e-01
-2.804567248096827559e-01
4.872620747669771657e-02
-6.506182536955996687e-01
4.809591398813894414e-01
1.777571692125254899e-01
7.074449973966234761e-01
-4.436413665357202829e-01
-3.851323008094751366e-01
-1.461083592105977547e-01
1.878638431953629506e-01
1.707758538492973877e-01
-4.867103009765668536e-02
5.095354591830073554e-01
-2.723953061758466188e-01
-1.240468372251856202e-02
-1.082229526170875866e+00
6.673702838532195036e-01
-5.521619440617105135e-02
3.992957412181419308e-01
-3.115437165509471473e-01
-1.525561560601015054e-01
-1.160466884944972021e-01
-4.985288432230652877e-01
2.491731956729137665e-01
2.498098741031592462e-01
1.179628708221891698e+00
-1.415924054231821050e-01
-3.001489027191835482e-02
-8.102673676018007365e-01
-2.884475077722050140e-01
2.236492725618261790e-01
-8.177036430639188225e-02
6.665950944321828997e-01
2.058668367254934059e-02
2.743300910650771085e-01
-1.337686649051955390e-01
-3.107980045350275944e-01
2.271234843636866230e-01
-1.064257608078185979e-01
1.365772342840005926e-01
-5.511243992670111780e-01
1.895358352271319102e-01
-2.227403914163390286e-01
3.937650357678676438e-01
-1.289513689209224601e-01
3.251197563419071929e-02
-2.152475487490328188e-02
-1.973647543053965725e-01
-9.780380010005022828e-02
-2.354311173166259707e-01
1.499738305331893840e-01
1.643961236376807744e-01
5.863359684357694057e-01
-1.656316207341315405e-01
8.484530213168817170e-02
-1.580206172725070468e-01
-1.640218726326900522e-01
-1.354039001660663488e-01
-3.487832064186043302e-01
4.352825346418886521e-01
2.082275228459093130e-01
9.811801031086295199e-02
-1.821015475450212806e-01
-1.048831010666217284e-02
1.014733454327332862e-01
1.281893644993276939e-02
9.489580469632927229e-02
-2.679122410666210374e-01
2.873618860857740098e-01
-2.691123436473330521e-01
2.318630522538163430e-01
-5.492148932831161789e-02
1.356525639941574268e-01
-2.186830164064114748e-02
-2.067566263089271883e-01
-2.665986008794347661e-01
-2.848281486488303815e-01
1.695943682915943551e-01
7.178991953195502929e-02
3.681264858176563348e-01
-1.537026682639982822e-01
-1.997596679445749479e-01
-3.736689110413259074e-02
-1.920788001768116426e-01
2.554923534397181006e-01
-6.181671859349598987e-03
2.999557893546986320e-01
7.773243002261201462e-02
5.038743768085349739e-01
1.536835080852194842e-02
-2.081165257934393387e-01
-6.682324063586759788e-01
-3.532816382480938877e-01
5.739350794558021329e-01
-3.205550381285535155e-01
4.627025473215261586e-01
-4.732596839487353546e-01
4.554542679455035326e-01
-4.948564864442814848e-01
-1.106738460725800038e-01
6.841427493076525368e-02
2.236303326423984827e-01
2.923474951729867488e-01
1.204307100934568636e-01
7.994531139056858249e-02
-1.117134746811553753e-01
-1.717047377239238337e-01
