1.218349933624267578e+00 -6.320735931396484375e+00 -9.553462982177734375e+00
1.373316526412963867e+00 -6.704946517944335938e+00 -9.257315635681152344e+00
1.012418746948242188e+00 -7.086110115051269531e+00 -8.899209976196289062e+00
1.074127674102783203e+00 -6.892252922058105469e+00 -7.905934333801269531e+00
8.524270653724670410e-01 -6.943305492401123047e+00 -7.754467010498046875e+00
9.163274168968200684e-01 -6.783186435699462891e+00 -6.853041172027587891e+00
2.048744201660156250e+00 -7.189678192138671875e+00 -6.358221054077148438e+00
2.847575664520263672e+00 -7.753037452697753906e+00 -6.966417312622070312e+00
3.982012271881103516e+00 -8.152649879455566406e+00 -6.599506855010986328e+00
4.772599220275878906e+00 -7.199421405792236328e+00 -6.354483604431152344e+00
4.583300113677978516e+00 -6.228356361389160156e+00 -6.823052883148193359e+00
5.181012153625488281e+00 -5.210118293762207031e+00 -6.584603309631347656e+00
4.726377487182617188e+00 -4.564024925231933594e+00 -5.520960330963134766e+00
3.687789678573608398e+00 -4.656220436096191406e+00 -5.159643173217773438e+00
3.107803583145141602e+00 -4.107536315917968750e+00 -4.170809268951416016e+00
3.365901470184326172e+00 -4.769974708557128906e+00 -3.068669319152832031e+00
3.446205854415893555e+00 -5.922301769256591797e+00 -3.127774715423583984e+00
3.737387418746948242e+00 -6.660892486572265625e+00 -2.167153358459472656e+00
4.956110000610351562e+00 -6.451772689819335938e+00 -1.667498707771301270e+00
5.797922134399414062e+00 -6.075826644897460938e+00 -2.312456607818603516e+00
6.972665786743164062e+00 -5.777173042297363281e+00 -1.927090287208557129e+00
7.047068595886230469e+00 -4.579885482788085938e+00 -1.287175416946411133e+00
6.284751892089843750e+00 -3.730799913406372070e+00 -1.473084807395935059e+00
6.306949615478515625e+00 -2.532004594802856445e+00 -9.437838792800903320e-01
5.498233795166015625e+00 -2.381255626678466797e+00 1.197967901825904846e-01
4.434682369232177734e+00 -2.888898372650146484e+00 1.387568712234497070e-01
3.553235530853271484e+00 -2.789983272552490234e+00 1.093557000160217285e+00
3.253372192382812500e+00 -3.955676078796386719e+00 1.698423504829406738e+00
3.662727832794189453e+00 -4.931387424468994141e+00 1.266845822334289551e+00
3.425161123275756836e+00 -6.092734336853027344e+00 1.752267003059387207e+00
2.168842792510986328e+00 -6.600660800933837891e+00 1.538324475288391113e+00
1.436549425125122070e+00 -6.041371345520019531e+00 8.540026545524597168e-01
1.814956814050674438e-01 -6.362787246704101562e+00 5.957325100898742676e-01
-1.206122040748596191e-01 -6.279603004455566406e+00 -7.359756231307983398e-01
-1.032034397125244141e+00 -6.879933357238769531e+00 -1.175637006759643555e+00
-1.511661291122436523e+00 -6.792405128479003906e+00 -2.406200408935546875e+00
-2.215275287628173828e+00 -5.660692214965820312e+00 -2.594798088073730469e+00
-2.372244596481323242e+00 -5.317548751831054688e+00 -3.687283754348754883e+00
-3.075775623321533203e+00 -4.273439407348632812e+00 -3.999951601028442383e+00
-4.439924716949462891e+00 -4.300790786743164062e+00 -3.552138090133666992e+00
-5.041110992431640625e+00 -5.325360298156738281e+00 -3.597771406173706055e+00
-6.319078445434570312e+00 -5.504718303680419922e+00 -3.118767738342285156e+00
-6.470617294311523438e+00 -5.370961189270019531e+00 -1.709697484970092773e+00
-5.545590877532958984e+00 -5.723982810974121094e+00 -9.923895597457885742e-01
-5.538120269775390625e+00 -5.530010223388671875e+00 3.536430597305297852e-01
-5.294105529785156250e+00 -4.155400276184082031e+00 7.347623109817504883e-01
-4.511075019836425781e+00 -3.489186048507690430e+00 3.093954548239707947e-02
-4.278594017028808594e+00 -2.135915279388427734e+00 2.158923447132110596e-01
-5.476161956787109375e+00 -1.323005914688110352e+00 -3.380018845200538635e-02
-6.237844467163085938e+00 -1.671745300292968750e+00 -9.704802036285400391e-01
-7.447485923767089844e+00 -1.041555643081665039e+00 -1.273407697677612305e+00
-8.527078628540039062e+00 -1.190113544464111328e+00 -2.614559531211853027e-01
-8.426898002624511719e+00 -2.083606719970703125e+00 6.291040182113647461e-01
-9.321678161621093750e+00 -2.264834880828857422e+00 1.711645245552062988e+00
-9.016695022583007812e+00 -1.412872076034545898e+00 2.903796672821044922e+00
-7.936267375946044922e+00 -7.311419248580932617e-01 2.937292337417602539e+00
-7.583093166351318359e+00 2.104831039905548096e-01 3.963713169097900391e+00
-8.267363548278808594e+00 1.550593137741088867e+00 3.751549720764160156e+00
-8.570899009704589844e+00 2.310068607330322266e+00 4.792202949523925781e+00
-9.063707351684570312e+00 3.659092903137207031e+00 4.660400390625000000e+00
-8.064122200012207031e+00 4.598617553710937500e+00 3.993357896804809570e+00
-8.546966552734375000e+00 5.632871150970458984e+00 3.314753770828247070e+00
-7.732305526733398438e+00 6.523334980010986328e+00 2.485059738159179688e+00
-6.629121303558349609e+00 7.249146461486816406e+00 3.265293121337890625e+00
-6.880119323730468750e+00 7.661875724792480469e+00 4.503273963928222656e+00
-5.864952564239501953e+00 8.264598846435546875e+00 5.371341228485107422e+00
-4.731599807739257812e+00 7.297561645507812500e+00 5.732026100158691406e+00
-5.007202148437500000e+00 6.005584239959716797e+00 5.853107452392578125e+00
-4.018077850341796875e+00 4.968410968780517578e+00 6.143645763397216797e+00
-3.219774961471557617e+00 4.560997486114501953e+00 4.904595375061035156e+00
-3.837148666381835938e+00 4.560783863067626953e+00 3.727072477340698242e+00
-3.142299890518188477e+00 4.437157630920410156e+00 2.440080165863037109e+00
-2.140047550201416016e+00 5.579034805297851562e+00 2.223480463027954102e+00
-2.532412528991699219e+00 6.818394660949707031e+00 2.487685918807983398e+00
-1.663295984268188477e+00 7.989751815795898438e+00 2.391144275665283203e+00
-5.371606945991516113e-01 7.975273609161376953e+00 3.415696620941162109e+00
-7.567363977432250977e-01 7.502485275268554688e+00 4.618666648864746094e+00
2.746790051460266113e-01 7.344986915588378906e+00 5.634264945983886719e+00
1.301012635231018066e+00 6.309901714324951172e+00 5.263619422912597656e+00
9.166274070739746094e-01 5.219382762908935547e+00 4.677729606628417969e+00
1.809183835983276367e+00 4.192641258239746094e+00 4.213384628295898438e+00
2.616000413894653320e+00 4.627533912658691406e+00 3.038112640380859375e+00
2.064986228942871094e+00 5.376742362976074219e+00 2.143715381622314453e+00
2.762221336364746094e+00 5.935437202453613281e+00 1.043510675430297852e+00
3.700514554977416992e+00 6.985605239868164062e+00 1.426289796829223633e+00
3.495742082595825195e+00 7.699861526489257812e+00 2.343692302703857422e+00
4.364747047424316406e+00 8.648431777954101562e+00 2.871721506118774414e+00
5.405428886413574219e+00 8.097882270812988281e+00 3.503709793090820312e+00
5.208800792694091797e+00 7.117729187011718750e+00 4.093746185302734375e+00
6.137256622314453125e+00 6.474681854248046875e+00 4.693733215332031250e+00
6.945132732391357422e+00 5.811482429504394531e+00 3.896849155426025391e+00
6.580352783203125000e+00 5.460376739501953125e+00 2.853011131286621094e+00
7.261677742004394531e+00 4.879753112792968750e+00 1.965440630912780762e+00
7.688394546508789062e+00 5.623344421386718750e+00 1.114986181259155273e+00
7.385803222656250000e+00 6.635600566864013672e+00 1.193441629409790039e+00
7.754669189453125000e+00 7.433822631835937500e+00 4.638015329837799072e-01
7.191788673400878906e+00 7.463438034057617188e+00 -6.040120124816894531e-01
6.230154991149902344e+00 7.050988197326660156e+00 -7.653833031654357910e-01
5.600074768066406250e+00 6.943688392639160156e+00 -1.751745581626892090e+00
4.734705924987792969e+00 7.724097251892089844e+00 -1.860490798950195312e+00
4.600949287414550781e+00 8.382257461547851562e+00 -1.220486640930175781e+00
