4.836985343653353586e-02
-1.674487663455181408e-01
1.579463239307237477e-01
-7.399359384462747546e-02
3.418232374518514333e-02
-4.746906972094226407e-01
9.169844475643627868e-02
3.960631111407859617e-01
3.980572512243436556e-01
-1.329298826743623152e-02
-2.216468880795863516e-01
-1.632495682168993989e-01
-1.563360538416320167e-01
-1.317133307278322563e-01
-7.607666207182403606e-02
1.402165594253612368e-01
5.543962867087012109e-02
1.249813681867509435e-01
-4.840863178191583821e-02
-2.331794600286350161e-01
-2.915814234474071176e-01
4.663221442333006367e-02
5.010219941236185998e-02
5.426587970894448665e-01
-1.321514367215191783e-02
4.867633466608735082e-01
-3.412183061376141135e-01
-9.194267083872281754e-02
-3.230308878365820147e-01
1.635978225191497826e-01
3.614193309581934521e-01
1.737851235905739089e-01
7.606047630366624679e-02
-4.987610421292850149e-01
-5.720865710579935148e-02
1.646561057034733738e-02
-3.278296981959422651e-01
-2.921767457234178966e-01
-4.463961047499268031e-02
5.227319400881651479e-01
-6.663086965799071282e-02
1.496710899964885655e-01
-2.047528111416015151e-02
2.540946953756895721e-01
-2.188008212707103495e-01
-4.017341740094308444e-01
-6.367110603250383805e-02
2.694038271300265852e-01
1.116475214108522268e-01
1.468466904682035890e-01
-6.050088243403972665e-01
4.151480512255056876e-01
1.277968401993622716e-01
3.853301142343112939e-01
1.123654040381644181e-01
-5.726013779301047241e-02
-5.263639519015421708e-01
-2.300820221647502661e-01
-2.226840294462615888e-01
4.500436504843504659e-01
-1.907213541364486398e-01
2.048441050364686600e-01
-1.496648882151633275e-01
9.326006348975640625e-02
1.850516045090045414e-01
3.282156753635603330e-01
-1.591833372349334141e-01
-2.265802326050463111e-01
-4.094002300277424511e-01
1.531273782637644354e-01
1.477098054776014024e-01
5.730784567580664568e-01
-2.432398827194743041e-01
-4.031911274558241387e-01
-4.514522671448046309e-01
2.659583286144888703e-01
2.052312509073016267e-01
9.129673063419767309e-02
5.656358224699103987e-01
-5.664015649111345252e-02
-4.396210772362246083e-02
-2.821876383833814006e-01
-2.553562616058115964e-01
-1.752753918278883438e-01
5.166797352748075944e-02
4.474486908946929686e-01
1.649979996264531179e-01
-5.811883105605420985e-01
-2.202868540236623818e-01
4.934600537329005693e-02
1.716431568868915236e-01
2.634090602979989315e-01
-4.003712762458822190e-03
-3.422937727209308112e-01
-2.999124959858258110e-01
2.003040061781410919e-02
9.461946749850717042e-01
3.543043889447974881e-01
-3.186306024052598662e-01
-9.763329614364523179e-01
-6.620916726708991895e-01
7.992488205722673156e-01
5.685382920098118742e-01
5.947511860396218486e-01
-1.342854017068932260e+00
3.115796186349824998e-02
-6.796837687054671506e-02
1.538222188315652161e+00
-2.078752277568192974e-01
-1.036096626749834909e-01
-2.281565003799086444e+00
1.123420637852191872e-01
6.269253539490241556e-01
1.556782006847664768e+00
-1.289028793268473527e-01
-5.779649004068911911e-01
8.392697108673959766e-03
4.001284734870114712e-01
-4.330060840015732548e-01
-8.844471579147904217e-02
-2.041206043884375709e-01
1.791937554446675351e-01
-1.845578090522892178e-01
5.131432853452396747e-01
1.886906553336718251e-01
-3.629132225787747856e-01
-5.258860812767015558e-01
-4.712358232757730969e-02
2.902906147933689285e-01
2.951306022246187877e-01
-1.636982057382910249e-01
6.565440951469254660e-01
-2.973680009308847239e-01
3.934013972284480798e-01
-1.902425147924363402e-01
6.270595047313501924e-01
-8.336658018904179457e-01
-2.793174472334084002e-01
-1.570207217369852248e-01
3.016937101974498381e-01
-1.807301746322496350e-01
-4.184190702416217822e-01
2.435174983612427846e-01
6.258440516329564218e-01
-1.583365537228721143e-01
5.752619550391602915e-02
-3.234708769528027994e-01
-1.689746878205064806e-01
8.038280326733929226e-02
9.427359779545348151e-02
3.093037885575786183e-01
7.393539675086879814e-02
1.473348154321652281e-01
-6.839648105591457361e-02
-2.139882375230757749e-01
2.029057224327927844e-01
3.464363985445368943e-01
2.307294223548654044e-01
-2.493222001067061933e-01
-4.432762731130192035e-01
1.717082392827276247e-02
7.653115315586837310e-03
2.747451895920939857e-01
-4.227054905421732262e-02
-1.476616125080249808e-01
-1.279457003614142552e-01
-2.853152964695190308e-01
1.032701467021181346e-01
-2.721673543359014458e-01
3.375048100729010070e-01
-1.155835501386360403e-01
5.093052564660506265e-01
-3.456855709148452527e-01
7.305981215540348350e-02
9.894561986622844862e-02
-2.411174291723204577e-01
8.689897050733101647e-02
-3.121738037918935782e-01
3.488021190168065777e-01
4.153808490975600953e-02
-2.339215300684553411e-01
1.608711541226535702e-01
-5.866803369985808259e-02
3.607162009419075388e-01
-4.256567499585616754e-01
-1.305706321859161911e-01
3.821501195261159389e-01
1.789055470280221105e-01
3.243836634747639114e-02
-7.064107868961284620e-01
8.520325347897983459e-02
2.925060188247523563e-01
5.236944175596519591e-01
-1.408454084425030395e-01
-5.370851731906763904e-01
5.464910387530833025e-02
-7.357528087193683508e-02
2.833104378345945307e-01
-8.050903607406906248e-01
-1.365150428462488102e-02
-9.821151855468064629e-02
3.530889363129245950e-01
2.864461024196766070e-01
6.938390926751904220e-02
-2.549168782133434119e-01
1.539920487786980152e-01
-1.000129050399467187e-02
-2.708098839781754585e-01
2.140805547342278931e-02
-8.421836871724422413e-02
2.512990649309339020e-01
-2.715226669009435656e-01
1.460485098485152233e-02
2.908747960402267574e-01
-1.887538805112959905e-01
9.428076455051467852e-02
2.579468566265898932e-01
-1.242800393407026638e+00
-3.073468918022606022e-01
-1.236171771586735274e-01
1.184123466172475547e+00
2.148214171481063750e-01
-2.383311617809240890e-01
3.433775224134653081e-01
4.386500514274815354e-01
1.814424056641459337e-01
8.035907282849680255e-01
-1.552683312646784053e+00
-3.891653999030394440e-01
-6.774179964943140009e-01
1.140289754306091696e+00
4.158760951127146166e-01
3.034749824179296951e-01
1.832683446312692033e-01
-1.051119978946728928e+00
-9.574747800116135688e-01
-4.269883969599992390e-01
8.120467812044386280e-01
1.238530219448769953e+00
6.935257801433800662e-01
6.092548179390462337e-01
-4.661180262504013294e-01
-9.657216867220099754e-01
-1.087446507597281675e+00
6.606168528440080623e-01
-5.036508212165817788e-01
9.260725283809142505e-01
-6.216472131159592740e-01
-1.485241639276445834e-02
-5.589082920489238937e-01
-5.827243121194020103e-01
1.286476079708018805e+00
-1.032189682420695531e-01
3.880140380981713655e-01
-2.099509864493139810e-01
5.522037324708543027e-01
5.534537880651059505e-02
-6.130631074856940366e-02
-1.401573139439254989e-01
-1.320001247848239800e-01
1.687962974637284008e-01
-4.350250647501991558e-02
2.470417576881299149e-01
-2.470247212400780157e-01
-7.509588761446946148e-02
-1.436986697440786054e-01
9.225103015938782014e-02
2.601180682494607099e-01
-1.388001306232123089e-01
4.512867690773278428e-02
-2.787676887985214291e-01
1.713234551339744560e-01
1.012727708649142078e-01
1.888420160492989830e-01
-8.762344315292264207e-02
-2.150600197773069877e-02
-6.471515544202975645e-02
4.243534617001779030e-02
-5.332200151501683555e-02
-1.317026363746040367e-02
4.587974117551114200e-02
4.792186757617885456e-03
2.277544973804631334e-01
1.549066047787941991e-01
-1.553672581811243493e-02
-3.204576705955363147e-01
-2.436567139502808232e-01
-4.507116459976456824e-01
-8.852245249976685437e-02
-2.422651615581108697e-01
9.620609736259174705e-01
2.104739541062742303e-01
5.792230345365051436e-01
-6.610940863301332238e-01
-4.832222072536694335e-01
-5.471626092357997906e-02
1.291486890944924526e-01
4.133215621124746164e-01
-1.904869477947087053e-01
5.366722671158441309e-03
1.687263189237685201e-02
-1.004319902939961318e-01
5.343891360197027506e-03
