#! FIELDS ld1 file.free der_ld1
#! SET min_ld1 -45.0
#! SET max_ld1 65.0
#! SET nbins_ld1  111
#! SET periodic_ld1 false
  -45.000000000   45.128147298  -10.405912593
  -44.000000000   35.872579678   -8.015815428
  -43.000000000   27.967703875   -7.087807231
  -42.000000000   21.518590936   -6.184680202
  -41.000000000   16.154954925   -4.839313259
  -40.000000000   11.400980871   -4.441302945
  -39.000000000    7.067709269   -3.974184417
  -38.000000000    3.621194089   -2.988520165
  -37.000000000    1.418343527   -1.674064327
  -36.000000000    0.444532812   -0.177193609
  -35.000000000    0.534779352    0.782816830
  -34.000000000    1.365926820    0.850489130
  -33.000000000    2.167967739    0.359364138
  -32.000000000    2.436554357    0.171101296
  -31.000000000    2.546435007    0.429454571
  -30.000000000    2.866276380    0.338267441
  -29.000000000    3.364209055    0.375651911
  -28.000000000    3.790409465    0.454204688
  -27.000000000    3.872179548    0.114547934
  -26.000000000    3.856829480   -0.171529467
  -25.000000000    3.766296507   -0.063986191
  -24.000000000    3.509060137   -0.133370748
  -23.000000000    3.357605208   -0.181375904
  -22.000000000    3.367573698   -0.096201117
  -21.000000000    3.383477181   -0.131016801
  -20.000000000    3.442515115    0.164154084
  -19.000000000    3.671825774    0.793836444
  -18.000000000    4.369144611    0.727585562
  -17.000000000    5.343075816    0.614280352
  -16.000000000    6.023762443    0.814463226
  -15.000000000    6.353581983    0.554787403
  -14.000000000    6.861967975   -0.334108302
  -13.000000000    6.983594708    0.534501207
  -12.000000000    6.901934905   -0.166778877
  -11.000000000    7.009996646   -0.200029986
  -10.000000000    6.841606429    0.016974725
   -9.000000000    6.850498971   -0.146482070
   -8.000000000    6.643175571    0.331446550
   -7.000000000    6.432682436   -0.660288697
   -6.000000000    6.497722366   -0.411357709
   -5.000000000    6.343271082    0.160484549
   -4.000000000    6.030613235   -0.089283222
   -3.000000000    5.849821354   -0.250495717
   -2.000000000    5.874179779   -0.432556040
   -1.000000000    5.639122539    0.280809733
    0.000000000    5.344594153   -0.186998382
    1.000000000    5.318216419   -0.417298034
    2.000000000    5.037086719    0.031982453
    3.000000000    4.987639475   -0.452468492
    4.000000000    4.856811995    0.269763317
    5.000000000    4.784903970   -0.262764504
    6.000000000    4.677549216    0.470495524
    7.000000000    4.527060058   -0.182951091
    8.000000000    4.664158882   -0.241541805
    9.000000000    4.711862107    0.990322225
   10.000000000    4.544811723   -0.761499525
   11.000000000    4.577329662   -0.405316485
   12.000000000    4.517554411    0.405104315
   13.000000000    4.490779479   -0.359035107
   14.000000000    4.646016493    0.208305735
   15.000000000    4.504959047    0.175263579
   16.000000000    4.678789310   -0.050934953
   17.000000000    4.744603971    0.269312719
   18.000000000    4.749017047    0.294060536
   19.000000000    4.898836252   -0.199139587
   20.000000000    5.177398939   -0.175552358
   21.000000000    5.224629190    0.637810039
   22.000000000    5.323002285   -0.247250335
   23.000000000    5.622815318    0.643054278
   24.000000000    5.465938654    0.290179097
   25.000000000    5.997289166   -0.279134798
   26.000000000    5.855822519    0.381197031
   27.000000000    6.140090166    0.138561938
   28.000000000    6.163564665   -0.212055831
   29.000000000    6.453019456    0.167483476
   30.000000000    6.244889048   -0.467819266
   31.000000000    6.092940484   -0.108314470
   32.000000000    5.657132382   -0.470472469
   33.000000000    5.304892915   -0.423003533
   34.000000000    4.791356713   -0.380889326
   35.000000000    4.429311684   -0.426959401
   36.000000000    4.023405639   -0.078165829
   37.000000000    3.717738905   -0.259381737
   38.000000000    3.593191098   -0.105465788
   39.000000000    3.384214254    0.055380851
   40.000000000    3.256964261   -0.005569763
   41.000000000    3.256578308   -0.029662569
   42.000000000    3.265551299   -0.073303555
   43.000000000    3.263147236   -0.028440519
   44.000000000    3.360427054   -0.007844073
   45.000000000    3.443065300   -0.055368078
   46.000000000    3.334456048   -0.217791448
   47.000000000    2.915368317   -0.448618266
   48.000000000    2.425642261   -0.539651905
   49.000000000    1.855939934   -0.586273518
   50.000000000    1.204514309   -0.861182881
   51.000000000    0.356536992   -0.624671257
   52.000000000    0.000000000    0.221375243
   53.000000000    0.597035484    1.128686046
   54.000000000    2.333356901    2.198822946
   55.000000000    5.245357732    3.279829731
   56.000000000    9.085827935    3.843660155
   57.000000000   13.026861141    3.869382731
   58.000000000   17.128154491    4.639554163
   59.000000000   21.755087547    5.321143998
   60.000000000   27.431859655    6.124777961
   61.000000000   34.096302446    6.450336719
   62.000000000   41.830256272    8.902233272
   63.000000000   49.856127259    6.927961348
   64.000000000   54.036851485    1.307073817
   65.000000000   54.364815856   -0.000000000
