#! FIELDS ld1 file.free der_ld1
#! SET min_ld1 -45.0
#! SET max_ld1 65.0
#! SET nbins_ld1  111
#! SET periodic_ld1 false
  -45.000000000   46.187259034   -3.454506566
  -44.000000000   39.908840858   -8.499125100
  -43.000000000   30.545427128   -8.396329495
  -42.000000000   23.374390877   -7.111638434
  -41.000000000   17.100314987   -5.284665531
  -40.000000000   12.198335067   -4.497219243
  -39.000000000    7.846900378   -3.879526682
  -38.000000000    4.445761356   -3.018651950
  -37.000000000    2.224368657   -1.767170601
  -36.000000000    1.161131239   -0.256819894
  -35.000000000    1.060299309    0.557921155
  -34.000000000    1.640488135    0.598269709
  -33.000000000    2.328789084    0.393885229
  -32.000000000    2.777739828    0.449330921
  -31.000000000    3.138761341    0.630313883
  -30.000000000    3.509213763    0.284883112
  -29.000000000    3.938265044    0.226796098
  -28.000000000    4.252318493    0.419727267
  -27.000000000    4.303368794    0.122823210
  -26.000000000    4.281028831   -0.224513264
  -25.000000000    4.257622437    0.087832319
  -24.000000000    4.127929201    0.027478309
  -23.000000000    4.080039891   -0.179084403
  -22.000000000    4.125027489   -0.069912252
  -21.000000000    4.080001745   -0.219872350
  -20.000000000    4.060567816    0.046403643
  -19.000000000    4.162094031    0.601632851
  -18.000000000    4.486158489    0.315634170
  -17.000000000    5.086899399    0.278704989
  -16.000000000    5.724867073    1.005042060
  -15.000000000    6.213895345    0.737699749
  -14.000000000    6.886964323   -0.233023954
  -13.000000000    7.228687083    0.771125088
  -12.000000000    7.109303717   -0.294832009
  -11.000000000    7.252033780   -0.184881544
  -10.000000000    7.062502969    0.063283082
   -9.000000000    7.121059955   -0.139442630
   -8.000000000    6.906123141    0.374749776
   -7.000000000    6.631854451   -0.799742145
   -6.000000000    6.629137691   -0.483651444
   -5.000000000    6.447182387    0.234896136
   -4.000000000    6.186839889   -0.106017576
   -3.000000000    5.871977834   -0.432845875
   -2.000000000    5.880594705   -0.364611941
   -1.000000000    5.673110218    0.297049373
    0.000000000    5.348327949   -0.243892849
    1.000000000    5.276129971   -0.435448435
    2.000000000    5.012836494    0.055800228
    3.000000000    4.962104712   -0.463575744
    4.000000000    4.841084330    0.262295461
    5.000000000    4.674508187   -0.376812732
    6.000000000    4.584105335    0.569666305
    7.000000000    4.457433727   -0.201220689
    8.000000000    4.511758960   -0.348993283
    9.000000000    4.694737269    1.269524521
   10.000000000    4.515077736   -0.959164056
   11.000000000    4.490797643   -0.345574541
   12.000000000    4.513389576    0.384324780
   13.000000000    4.336075699   -0.462775528
   14.000000000    4.574887267    0.360462396
   15.000000000    4.400115016    0.035546336
   16.000000000    4.586234475    0.018421238
   17.000000000    4.658749443    0.293690902
   18.000000000    4.746162400    0.386272986
   19.000000000    4.868957543   -0.306585495
   20.000000000    5.081408872   -0.236400487
   21.000000000    5.101801358    0.695691451
   22.000000000    5.280056581   -0.180199318
   23.000000000    5.667932795    0.657454286
   24.000000000    5.401925719    0.301581100
   25.000000000    6.015655965   -0.372545640
   26.000000000    5.767245576    0.407001031
   27.000000000    6.089636744    0.144877111
   28.000000000    6.060824024   -0.307489162
   29.000000000    6.308141365    0.105381765
   30.000000000    5.974639698   -0.550301566
   31.000000000    5.892346959   -0.015361112
   32.000000000    5.403879013   -0.542074133
   33.000000000    5.024111849   -0.505403197
   34.000000000    4.419010841   -0.401180231
   35.000000000    3.962612844   -0.647651446
   36.000000000    3.433510224   -0.095006037
   37.000000000    3.105615803   -0.234133669
   38.000000000    3.047663441   -0.125553938
   39.000000000    2.783708183    0.050376124
   40.000000000    2.648979724    0.011714325
   41.000000000    2.709439162    0.040646793
   42.000000000    2.831981752    0.099207854
   43.000000000    2.945717505    0.010419237
   44.000000000    3.069595327    0.001302288
   45.000000000    3.096802842   -0.196432526
   46.000000000    2.894734728   -0.179423494
   47.000000000    2.551271850   -0.373624654
   48.000000000    2.217343305   -0.352652985
   49.000000000    1.702077550   -0.579764794
   50.000000000    1.110179889   -0.800907665
   51.000000000    0.353641020   -0.520163300
   52.000000000    0.000000000    0.160645704
   53.000000000    0.537540570    1.084779889
   54.000000000    2.222378665    2.175069071
   55.000000000    5.201669348    3.312089347
   56.000000000    9.060634820    4.059220126
   57.000000000   13.388327585    4.287708874
   58.000000000   17.953546237    4.999416819
   59.000000000   22.893780963    5.970308722
   60.000000000   29.106940372    6.240934505
   61.000000000   36.206712887    7.481928376
   62.000000000   43.967793054    6.798720144
   63.000000000   47.298486304    0.658799576
   64.000000000   47.435617967   -0.000000000
   65.000000000   47.435617967   -0.000000000
