#! FIELDS ld1 file.free der_ld1
#! SET min_ld1 -50.0
#! SET max_ld1 30.0
#! SET nbins_ld1  81
#! SET periodic_ld1 false
  -50.000000000   53.552347773   -6.100042663
  -49.000000000   43.892849714  -10.174917263
  -48.000000000   35.950945170   -7.535289128
  -47.000000000   29.297927954   -5.460235951
  -46.000000000   24.277446654   -4.538541209
  -45.000000000   19.976736685   -3.755034321
  -44.000000000   16.733941564   -2.964699739
  -43.000000000   14.345150188   -2.175836287
  -42.000000000   11.778027486   -2.674550790
  -41.000000000    8.975798021   -2.589380538
  -40.000000000    6.921034549   -1.837852297
  -39.000000000    5.655558463   -0.908898006
  -38.000000000    4.888818501   -0.536118662
  -37.000000000    4.278769934   -0.783015495
  -36.000000000    3.723726625   -0.514067344
  -35.000000000    3.496365450    0.097658622
  -34.000000000    3.661924320    0.467955730
  -33.000000000    4.071780374    0.491299562
  -32.000000000    4.481069211    0.179941887
  -31.000000000    4.721700323    0.063328145
  -30.000000000    4.859230810    0.138174647
  -29.000000000    4.934245988    0.218799701
  -28.000000000    5.019525139    0.054709489
  -27.000000000    5.084984132   -0.046440637
  -26.000000000    5.152029027   -0.071494954
  -25.000000000    5.225309313    0.083938233
  -24.000000000    5.285422003    0.197905399
  -23.000000000    5.342015054    0.037614110
  -22.000000000    5.437517172    0.101712928
  -21.000000000    5.540706602    0.233351822
  -20.000000000    5.675606927    0.154830718
  -19.000000000    5.856009815    0.083357749
  -18.000000000    6.000427204    0.019651943
  -17.000000000    6.097788668    0.091600399
  -16.000000000    6.161596665    0.182759301
  -15.000000000    6.219509554    0.114258370
  -14.000000000    6.312100213   -0.046192915
  -13.000000000    6.391997654   -0.065329875
  -12.000000000    6.433280650   -0.109524151
  -11.000000000    6.396950866   -0.023484493
  -10.000000000    6.278948208   -0.113432392
   -9.000000000    6.175705874   -0.145940497
   -8.000000000    5.981581947   -0.038125123
   -7.000000000    5.800802016   -0.206251588
   -6.000000000    5.664077230   -0.390036040
   -5.000000000    5.562405778   -0.165481900
   -4.000000000    5.412811595   -0.052533644
   -3.000000000    5.256495225   -0.038334093
   -2.000000000    5.127446718   -0.114824327
   -1.000000000    5.024751873   -0.155451021
    0.000000000    4.876230574   -0.107137046
    1.000000000    4.746665900   -0.088618312
    2.000000000    4.614625596   -0.197343685
    3.000000000    4.484132442   -0.146337894
    4.000000000    4.339817051   -0.205555480
    5.000000000    4.162349458   -0.131785196
    6.000000000    4.002647469   -0.063066319
    7.000000000    3.912165656   -0.097840048
    8.000000000    3.821988847   -0.081899447
    9.000000000    3.759926731    0.094461478
   10.000000000    3.729250356   -0.079162142
   11.000000000    3.797757138   -0.156843558
   12.000000000    3.888891096    0.112958270
   13.000000000    3.926801162    0.204782500
   14.000000000    3.857315080   -0.072016604
   15.000000000    3.581979604   -0.387181543
   16.000000000    3.042997474   -0.849143987
   17.000000000    2.028139048   -1.135611509
   18.000000000    0.824400428   -1.184606233
   19.000000000    0.000000000   -0.286461023
   20.000000000    0.578283862    1.412088744
   21.000000000    2.775864581    2.772007574
   22.000000000    5.006645285    1.275654226
   23.000000000    6.006380219    1.030041979
   24.000000000    7.813676295    2.573695514
   25.000000000   11.217459959    4.351272514
   26.000000000   16.688761108    6.461828997
   27.000000000   24.548986198    9.154479421
   28.000000000   34.722881010   11.630330682
   29.000000000   48.190214329   13.511227975
   30.000000000   56.380815002    2.707815188
