#! FIELDS ld1 file.free der_ld1
#! SET min_ld1 -50.0
#! SET max_ld1 30.0
#! SET nbins_ld1  81
#! SET periodic_ld1 false
  -50.000000000   48.584350205   -0.204099171
  -49.000000000   46.659983888   -5.048095648
  -48.000000000   38.942420792   -8.397593314
  -47.000000000   31.949696631   -6.027318760
  -46.000000000   26.515639869   -4.600620631
  -45.000000000   22.134190705   -3.903554078
  -44.000000000   18.684026534   -3.278216592
  -43.000000000   16.039704571   -2.671111454
  -42.000000000   12.797185804   -3.010941091
  -41.000000000    9.892775922   -2.667266367
  -40.000000000    7.748249370   -2.018656366
  -39.000000000    6.069208763   -1.736823436
  -38.000000000    3.912542000   -2.225223304
  -37.000000000    1.754003773   -2.047062533
  -36.000000000    0.411672192   -0.908469695
  -35.000000000    0.000000000    0.089035041
  -34.000000000    0.334204825    0.802575183
  -33.000000000    1.196821709    1.073388712
  -32.000000000    2.174804633    0.661439502
  -31.000000000    2.756109361    0.178152746
  -30.000000000    2.849193866   -0.030992233
  -29.000000000    2.645361051   -0.074669039
  -28.000000000    2.410689169   -0.314261260
  -27.000000000    2.115104082   -0.344579295
  -26.000000000    1.987261999   -0.214824463
  -25.000000000    1.952259948    0.027355081
  -24.000000000    2.018635206    0.244658232
  -23.000000000    2.095066539    0.063882482
  -22.000000000    2.259678135    0.192309047
  -21.000000000    2.434241958    0.238964820
  -20.000000000    2.527427836    0.146552383
  -19.000000000    2.735246554    0.105325762
  -18.000000000    2.915296489    0.051118856
  -17.000000000    3.056109535    0.173055044
  -16.000000000    3.219748752    0.262522730
  -15.000000000    3.339362079    0.197297372
  -14.000000000    3.492292378   -0.003146706
  -13.000000000    3.654060942    0.019123636
  -12.000000000    3.772546777    0.005183971
  -11.000000000    3.890071044    0.127209512
  -10.000000000    3.927599107    0.077993239
   -9.000000000    4.096764673    0.149756078
   -8.000000000    4.152280940    0.186911756
   -7.000000000    4.195340519    0.059754985
   -6.000000000    4.281917229   -0.266288353
   -5.000000000    4.290996808   -0.079778744
   -4.000000000    4.213014003    0.002961607
   -3.000000000    4.077330661    0.000008204
   -2.000000000    3.936332432   -0.160113515
   -1.000000000    3.829060194   -0.176913924
    0.000000000    3.689135864   -0.093874605
    1.000000000    3.515691215   -0.093906122
    2.000000000    3.421001608   -0.181185375
    3.000000000    3.336337582   -0.086425513
    4.000000000    3.230012025   -0.130735708
    5.000000000    3.149543464   -0.066877485
    6.000000000    3.019321222   -0.044861399
    7.000000000    2.927985549   -0.103095340
    8.000000000    2.810815160   -0.203025881
    9.000000000    2.539336263   -0.225570899
   10.000000000    2.071834650   -0.488972407
   11.000000000    1.838761867   -0.363582773
   12.000000000    1.906677985    0.198779909
   13.000000000    2.141074418    0.516324420
   14.000000000    2.422632893    0.467380056
   15.000000000    2.991432308    0.674925394
   16.000000000    3.470084346   -0.043880402
   17.000000000    2.848606975   -1.110171800
   18.000000000    1.573415225   -1.216744760
   19.000000000    0.737113821   -0.326278708
   20.000000000    1.273981736    1.474205546
   21.000000000    3.943056936    3.609360665
   22.000000000    7.058496236    2.071234289
   23.000000000    8.540910439    1.213610573
   24.000000000   10.414177743    2.523074730
   25.000000000   13.761917343    4.386656495
   26.000000000   19.304807103    6.496150296
   27.000000000   27.085652329    8.979234737
   28.000000000   37.737922010   12.089781146
   29.000000000   46.956212479    4.708316576
   30.000000000   48.594557353    0.137214529
