#! FIELDS time ld1 sigma_ld1 height
#! SET action OPES_METAD_state
#! SET biasfactor                       8
#! SET epsilon   1.153581406617129e-07
#! SET kernel_cutoff       5.652472782993875
#! SET compression_threshold                       1
#! SET zed     0.04604477564942403
#! SET sum_weights       3463489.910377724
#! SET sum_weights2        13571604.2973395
#! SET counter  2499982
#! SET adaptive_counter  625000000
#! SET sigma0_ld1      0.2576125761964729
#! SET av_cv_ld1       1.439417400854086
#! SET av_M2_ld1       170287519.3029869
                2500000      3.105789485249167    0.02971353178260242      994214.6720901099
                2500000      3.572473451017375    0.02524282841110134      1495122.068608229
                2500000      2.830636381019776    0.03201980537735991      645874.8187978211
                2500000       3.36798596067939     0.0275276526543914      1247622.429481831
                2500000      2.488004959415519    0.03343190729469836      336171.4795544713
                2500000      1.237503624049498    0.02537988884070249      175986.2060263875
                2500000      1.673960788221874    0.02995808238989308      215715.4599453193
                2500000     0.6324008961666647    0.02498373603293341      178065.1983654148
                2500000      0.256722032750181    0.02642958131439854      183133.2078448868
                2500000      1.899000211203069    0.03199323622195129      234116.3734763862
                2500000    -0.3899954269024402    0.02774581217899792      200236.4942532049
                2500000    -0.8135180842984396    0.02614978768998525      181879.8387314199
                2500000     0.0681942393994507     0.0276262753510421      205249.8020988132
                2500000      1.036418759886094    0.02427529116102454      168571.5325589223
                2500000       2.24766637743624    0.03362425504759711      261467.5735957832
                2500000      4.172164700893293    0.02165210994932237      1521757.631174202
                2500000       3.74767284641929      0.024393130234457      1625046.355741591
                2500000      4.045837841821757    0.02198915862596077      1596090.596304985
                2500000    -0.6115781434207113    0.02655187924049226      186514.7239103402
                2500000     -2.501781105768056    0.02449679730494883      63445.50035428416
                2500000     -1.202083127784387    0.02500150545106407      144465.7181236226
                2500000     -1.617046183450638    0.02505351428139952      120016.4709482738
                2500000     -1.398451085315622    0.02575332498836184      142475.3311138437
                2500000     -2.247547433257127    0.02473077408550662       74099.4171829032
                2500000     -2.714834123615541    0.02427035913096507      48626.12655439715
                2500000     -2.924839865015577    0.02368253295454573      45347.96110030788
                2500000     -3.579981612837185     0.0249897653472563      34310.70164045356
                2500000     -2.039792653663689    0.02439991953802205      82008.35272258612
                2500000      3.882804255094275    0.02325202557099193      1569425.754105632
                2500000      4.511319946980958    0.01862560929864431      757413.7462130007
                2500000      1.456844643957712    0.02838962022877829       227107.789867836
                2500000    -0.1619924292104153    0.02786388163986587      200011.6807215712
                2500000     0.8282818653404861    0.02405974938622463      175472.7801847794
                2500000     0.4518262470818834    0.02518270132383217      189172.4905948243
                2500000     -1.010441344340428    0.02537960546216173      152636.3040500979
                2500000      4.291347638491454    0.02040212648724583      1346717.628242265
                2500000      4.409050576363296    0.01942112657986991      1072136.066715763
                2500000     -1.842898957450421    0.02499734742568618      94838.32417607316
                2500000     -3.132057488270805    0.02499682707351676      41350.38351563051
                2500000     -3.361720620733068    0.02492749904731758      36288.53423284122
                2500000     -4.641006027880716    0.02546218658368181      25758.18887882099
                2500000     -4.875312970716564    0.02682130449210655       26699.9907567683
                2500000      -4.41894022189577    0.02542359084550802      25776.37385068407
                2500000     -3.796382306144672    0.02530881556787433      30209.28996330114
                2500000     -4.020093611480435    0.02497952998923395      27384.76842088813
                2500000     -4.214496722535044    0.02404392068412478      24131.17863016259
                2500000     -5.433379465881371    0.02717375157472399      25704.69355037079
                2500000     -6.577238613185838    0.02729563973706008       22359.6495270667
                2500000     -5.915346121246511     0.0266863367110364      22768.41607687162
                2500000     -5.701285434330567    0.02749896470647619      25126.08446707097
                2500000     -5.186999860666861    0.02660851698532478      26193.34461828679
                2500000     -6.359043441647792     0.0269742239716386      21075.63591953279
                2500000     -7.724020422351936    0.02643792154606738      16952.87055237913
                2500000      -7.36510416679223    0.02756701115342171      17934.90433449841
                2500000     -7.937420171160836    0.02840830216842434      20854.31329807097
                2500000       -6.8011138551965    0.02918743060846365      22214.56159274217
                2500000     -6.989166916624469    0.02751782129627757      19690.73863997569
                2500000     -7.527581933668976    0.02689365173456431      17776.12649826008
                2500000     -9.351183743957856    0.02928279158656489      13409.68929051216
                2500000     -10.32335530091269    0.02837526784626032       9494.03611345778
                2500000     -8.167724480158901    0.02846218270718599      18950.25421492292
                2500000     -6.140780954812244    0.02733810541302538      23891.56181182193
                2500000     -7.198709270814074    0.02810753251328982      18598.01158793132
                2500000     -8.828864107075491    0.02980584720199501      16733.53822509772
                2500000     -8.370943394689258    0.02832642965268459      18563.71520381421
                2500000     -8.589236583113475    0.02965209912216036       19802.1096476471
                2500000     -9.091518178590496     0.0293440963957829      14375.25561366446
                2500000     -9.854331959903341     0.0274441116690376      10240.97514564078
                2500000     -10.08164416442317    0.02863174909445329      10358.07717755057
                2500000     -9.650341134789912    0.02744944191885989      10990.08805271253
                2500000     -11.74299268910775    0.02426207736147249      3680.264212767881
                2500000      -10.5552748198489    0.02876006809463745      8817.689558376569
                2500000     -10.82850192586021    0.02731351352089685      7125.168507158122
                2500000     -11.51478607957204    0.02506453997072034      4356.399750825445
                2500000      -11.2808127116219    0.02572265635933317      5069.983643171607
                2500000     -11.05572163727565     0.0268789994533683      5737.061228514353
                2500000     -12.12836717585584    0.02437507259092516      3206.039786513535
                2500000     -12.49814843524457    0.02254827923420712      2260.591273936278
                2500000       -12.705872216476     0.0224238290157431      2241.592430358264
                2500000     -13.14392879554896    0.02178734739933465      1481.191103009645
                2500000     -12.30884378978307     0.0236084005790362      2690.981178554545
                2500000     -13.49254723125602     0.0217993672378457      1239.862090747193
                2500000     -12.91842749148478    0.02200817171139042      1685.529169680712
                2500000     -13.84588324332892    0.02267278505564806      1238.541205156858
                2500000     -14.25226201029299    0.02184303963773342      985.3589844650162
                2500000     -13.33102456582413    0.02240182667868515      1567.958537653397
                2500000     -14.49546527015812    0.02091919576636615      714.8234795384545
                2500000     -13.65659010997132    0.02220947929953868      1399.405559453686
                2500000     -14.65994206684944    0.02210119768223403      714.5532531480924
                2500000     -14.89746980235883    0.02205189899722331      504.5785774199474
                2500000     -14.02880948291957    0.02190674338249226      1101.206088558237
                2500000      -11.9583007314819    0.02367551466751549       3024.14581742372
                2500000      2.067224040131892    0.02993886379293759      184658.3358248577
                2500000      2.645989203703728    0.02777938516233476      286396.6484699559
                2500000      -2.37819416849296     0.0232696633144894      54617.53306876869
                2500000      4.624802645845544    0.01863739300191533       575473.939454094
                2500000      4.877502998752063    0.01812225882570189      119694.1067048077
                2500000      4.709231878114854    0.01880777372130202      403559.5217601755
                2500000      4.802870876544374    0.01845926972067284      212114.5074162257
                2500000      4.944441315772073    0.01727103674953932      57306.96839499766
                2500000      2.957122064187188     0.0247133010255124       428327.978288534
                2500000      3.245742726164516    0.02431273915598706      710356.4699748592
                2500000      5.001721627721339    0.01728172973764837      30361.65183074205
                2500000      5.036563266243874    0.01751278819412599      16314.16248944885
                2500000      3.481037460744933    0.02397742409051262      1095774.640758466
                2500000      3.659772583421451     0.0229172842515709       1254792.01401391
                2500000      3.963918508833061    0.02110769618925824       1382611.05037977
                2500000      2.366193294216422     0.0218210101224994      101663.2297009887
                2500000      2.738228837318033    0.02093264498939745      190382.7680979152
                2500000      1.787690124657925    0.01915542171117127      62364.02713234071
                2500000      1.339775379808132    0.01840141398665805      60522.60536866386
                2500000       3.02803917779861    0.01985352339817113      352590.4053816691
                2500000      3.816875426135268    0.01901572070778057      892722.2331628151
                2500000      3.183451792907615    0.01996808489038556      486743.4125364026
                2500000      4.342510691684025    0.01803288551412936      958662.4037859559
                2500000      3.306258292228825    0.01863545055606558      529138.3184337524
                2500000      5.070361993226771    0.01703293234724309      5782.487549357616
                2500000      4.222682026910741    0.01822491708772922      1009923.203634375
                2500000       4.10924457094971    0.01798838356142855      917667.6503025584
                2500000      2.575046994523333     0.0184551132382789      105050.5372945687
                2500000      2.155987796934627    0.01876112095123173      67402.58195761236
                2500000      1.571401267950145    0.01857455572829926      52243.58439251585
                2500000   -0.05895076852126536    0.02031576640353798      81204.15293249402
                2500000      1.136227557907659    0.01804738323755443      64685.12686987602
                2500000      3.429396063682777    0.01799636046794406      598998.1916940445
                2500000      5.133074966129087     0.0163260910429197      271.2527539410427
                2500000      5.102299894468317      0.016620511475066      1439.980697850868
                2500000      5.161746859990304     0.0160708221719605      42.19594909493075
                2500000      4.566322248192742    0.01674209163077265      483361.5788564748
                2500000      4.458677004563828    0.01739475656696349      721283.4879446226
                2500000      5.299744359919726    0.01670776542048016   0.005027142899190854
                2500000      0.935253726163343    0.01832581833417201      64398.69560325515
                2500000      2.908605710851776    0.01832112419532133      241098.0917847715
                2500000      5.190370973756669    0.01616643735886404      5.189518432324872
                2500000      4.747538953378169    0.01781189921984172      276750.8038828908
                2500000      5.359019458948674    0.01698607851994014   0.001339258782157762
                2500000     0.7341963526075039    0.01811962478473789      62637.09257878541
                2500000     -3.250387113833154    0.02420803874890185      37543.32845670085
                2500000     -3.025033438969984     0.0235107992919083      40834.42919250039
                2500000      -5.03318399907897    0.02481545237997743      21647.84133303339
                2500000     -3.688791582367517    0.02441845403704697      27464.61727466554
                2500000     -2.603294729703808    0.02301507911257773      49087.70824455532
                2500000     -3.471335937888983    0.02440226026280009       31872.1707553801
                2500000      -3.91002598072926    0.02489807565289569      26560.84991752603
                2500000     -4.750914517672858    0.02555575563006465      23531.30084409836
                2500000      -4.53312782646733    0.02523869958592935      24638.01109639771
                2500000     -4.314209685065278     0.0244788060164057      23350.50204453424
                2500000     -5.309350443486263    0.02592937745182662      20003.37292492677
                2500000     -2.820080957388026    0.02304878361524134      44796.38243131666
                2500000     -4.120077867656582    0.02391667140312673      22811.94861559806
                2500000     -2.144542600591623    0.02280064303202883       60396.5714251956
                2500000     -1.731806544703543    0.02301294327988625      83034.32450037989
                2500000     -3.302896939482283    0.02452408260137603      37481.38179421023
                2500000     -3.193174592953044    0.02423969469918867      37568.88351901282
                2500000     -3.418648964282131    0.02464113141017746      35914.93371189408
                2500000     -2.658644090225519    0.02367559383616071       49036.2191688177
                2500000     -2.448240400150648    0.02346055742441698      56164.88830068782
                2500000     -3.076869168713968    0.02424289862745706      42506.35030983479
                2500000     -3.963887779010599    0.02487724571842772      28583.13002857694
                2500000     -2.329090671978202    0.02345627285098675      61236.65847050195
                2500000     -5.082150395043248    0.02455003756648479       22591.7942423869
                2500000     -1.919649671681865     0.0231296524639043      76957.21050424763
                2500000     -2.975549767249308    0.02343093491787106      43402.04398396269
                2500000     -3.743356334569059    0.02467763338066195      29330.78802355744
                2500000     -3.637173082882284    0.02460017006386461      29658.57559019682
                2500000     -2.868751277531069    0.02328507079458998       42544.7113316712
                2500000      -3.85539313198164    0.02509130733224215      28628.46072468286
                2500000     -2.771891526690811    0.02318434317593037      45624.58673770657
                2500000     -3.527209640767552    0.02461642659418014      31722.26060998224
                2500000     -5.587938533421119    0.02533714547187336      21172.38139913111
                2500000     -4.982862354085691    0.02500555328841967      22590.36874069784
                2500000     -4.480920389565906    0.02513516407063691      23804.10949535059
                2500000     -4.697879864375562    0.02542460101308501      25840.84893538517
                2500000     -5.249051313369674    0.02656684358395296      21976.01941279132
                2500000     -4.811039402032143    0.02596641356969485      22303.66640563266
                2500000      -4.26308979863795    0.02440960503615339      25343.92496630705
                2500000     -4.366639225966561    0.02476231095756318      24652.81083639965
                2500000     -1.515797991323077    0.02264872337285388       90330.2778843819
                2500000    -0.5006647048258152    0.02155397545109352      95114.39800465469
                2500000    -0.7075804423726441    0.02153589169705251       91021.3007617027
                2500000    -0.9091232071963872    0.02181481017380233      102579.4913510222
                2500000     -1.113062456889247    0.02176728479046579      96069.59149879807
                2500000     -1.303536350812811    0.02226796079987954      99300.98442565925
                2500000     -5.538238980628777    0.02509256375863707      19933.00180423378
                2500000     -6.027388343390992    0.02641568003446435      20227.46465430853
                2500000     -5.375027365963608    0.02635080660269933      23353.54063610636
                2500000     -5.641802273377113    0.02657804093186455      23768.44569691389
                2500000     -6.250126207893904    0.02625746800785075      18772.59432122185
                2500000     -9.508283942154478    0.02523470939746286      9018.626090904967
                2500000     -5.813716051377225    0.02548623950303152      19335.73487775777
                2500000     -6.464766087321875    0.02647517426041644      17089.45551840572
                2500000    -0.2711021401495204    0.02075121008222779      92488.04769156048
                2500000     -4.588050216311743    0.02511211602105518      25578.64986647324
                2500000      -2.08910877754103    0.02322914511549982      73345.44910294549
                2500000     -1.678945659130619    0.02328997831042321        91411.883464566
                2500000      -1.96708474321454    0.02265779262168869      72315.70294844522
                2500000      -1.45872853768196    0.02316695882262451      101942.6567755329
                2500000     -4.071230329661761    0.02410810006393497      26421.02875272397
                2500000     -4.931655214236768    0.02540976707357815      24639.36420309378
                2500000     -2.196324195335988    0.02326490425823291      64471.80022519542
                2500000     -4.167501211308852    0.02352541902152065      22289.26837802451
                2500000     -5.971456994765867    0.02667041336109102      21582.54476491336
                2500000     -5.132013804592196    0.02525748713086132      23944.04468715542
                2500000     -1.785467618241154    0.02339657815129886      86694.51089505194
                2500000      -1.56345774456689    0.02279083868206643      101090.4481580439
                2500000     -1.255977232112279    0.02228988238387664      107525.6546821802
                2500000       -2.5545685099345    0.02274528950263861      49492.12410665027
                2500000     -1.068151614458516    0.02169547437564466      110430.0705982171
                2500000    -0.9550651673413907     0.0217001354813386      110460.4272115643
                2500000     -6.685824381142408     0.0264465637965434      15716.05142889808
                2500000     -5.760577892218602    0.02642186313484738      20927.63061415242
                2500000     -6.196956295477703    0.02638443141880362      21318.61569033675
                2500000     -6.864727339699946    0.02856211086326275      19269.36204888756
                2500000     -7.092167954321238    0.02582699680146443      14896.49550623947
                2500000     -6.520264997195869    0.02719616921867224      18859.71226859503
                2500000     -6.413086032793862    0.02625940078078808      19737.56174707916
                2500000     -6.082561353576823     0.0267085429823834      21600.37614969105
                2500000     -5.488627998932065      0.025426364063707      21447.65455201614
                2500000     -7.822114896074231    0.02567144553738835      13886.94433523558
                2500000     -6.303864021621591    0.02626131741208597      19562.18875368248
                2500000     -6.739891406569647    0.02692453252274186      18982.46928173136
                2500000     -6.631785348447561    0.02655893403429411      18089.47037896649
                2500000     -7.422538277842572    0.02670700212429656      15762.44233092306
                2500000     -7.258855723408781    0.02658882568800902      16623.25439002683
                2500000      -6.92819345546666    0.02783246685166347      17364.89647183167
                2500000     -7.626356387256718    0.02519509038632537      13166.02110694407
                2500000     -8.047183516650083    0.02616723807772475      15027.86299814494
                2500000     -8.710393673875537    0.02591531001768507      12251.89750992942
                2500000     -7.143048256589291    0.02632842361215081      16592.44993314026
                2500000      -8.46842974239113    0.02603278965779196      13546.93781769935
                2500000     -5.862764112414591    0.02528615608257481      20094.76231420159
                2500000     -7.876434900835815    0.02700521304840305      17497.60310358237
                2500000    -0.7597689518257073    0.02147772137362471      109052.7344138272
                2500000    -0.5450637396253321    0.02108488031166611      110149.7010220759
                2500000     0.1662394434184045    0.01923691844200053      72317.70408525867
                2500000     0.3634393817635619    0.01869174754390272      69642.79729654339
                2500000     0.5368537492363297     0.0184865863820081      70583.49712795226
                2500000    -0.3155634596176815    0.02020031055473798      94320.08604930356
                2500000     -8.253706812842818    0.02653643381376179      13794.18759012794
                2500000     -8.966904388544945    0.02584088695566143      10982.69683328892
                2500000     -7.041683698264506    0.02594169292711844       14497.6689168315
                2500000     -9.209511175461893    0.02568519963279343      10652.20996168394
                2500000    -0.6626556036101144    0.02108436730512486      112211.6989632142
                2500000     -1.349096351471615    0.02153109969446815      92374.57308712738
                2500000    -0.4530085290561465    0.02053509062926998      96438.57787063527
                2500000     -15.05858050808176    0.02094136100937216      103.8405781178996
                2500000     -10.71088524795563    0.02461197498109485      5635.485333975395
                2500000     -13.02640257077808    0.02219147443094602      1666.511155307508
                2500000     -12.61449081201654    0.02253789448048301      1948.246831417634
                2500000     -12.82779110867186    0.02243248558575948      1887.140952764857
                2500000     -11.64582206830207    0.02359475100644782      3063.100240309346
                2500000      -13.2447932830523    0.02151111851548689      1246.024566791517
                2500000     -11.86123713405483    0.02348067177523305      2892.481504992275
                2500000     -15.02419874869692    0.02114208564742085      216.3511541689734
                2500000     -12.41278187197011    0.02229496271093542      2061.374585743432
                2500000        -13.93208759776    0.02143965079800374      879.2514511526326
                2500000     -14.38431137245511     0.0221561165254365      866.6224019051397
                2500000     -13.75090816840637    0.02270920921191408      1196.015560180906
                2500000     -8.101919742826617    0.02678537160906749      16448.78709925805
                2500000     -10.93334630227617    0.02399073304943103      4159.942313068108
                2500000     -9.960057399630401    0.02528698206794885      7589.235565077171
                2500000     -11.39273374728396    0.02368259029335013      3485.216686418764
                2500000     -11.18396789836178    0.02324620184815105      4117.036191280246
                2500000     -7.475085453640552    0.02602275494851149      15146.72047163568
                2500000     -10.18976740062626    0.02530964227580993      7533.652706920497
                2500000     -9.558291878367775    0.02500868626999242       8766.71418302806
                2500000     -8.764659715740319     0.0268250335792278      14143.30187165396
                2500000     -9.458407557932709    0.02502532157275953      8760.336433982997
                2500000     -12.22436874744882    0.02241627800483834      2165.750277694711
                2500000     -12.03472131167307    0.02211934691705095      2259.933522889489
                2500000      -9.75098171213306    0.02465628164925081      7685.411788962496
                2500000     -11.59876766150931    0.02297559490332065      3206.718768358337
                2500000     -10.65985895449212    0.02436972549103904      5824.275676542311
                2500000     -10.43054738347222    0.02438586533716281      6106.808475715604
                2500000     -9.017542644305721    0.02566286765147662      10899.56736420376
                2500000     -8.916488521008471    0.02533781026170606      10461.82669588587
                2500000     -8.524506883372888    0.02695055135862342      15770.50551658126
                2500000     -10.24279849989124    0.02575889677122182      7405.751616415336
                2500000     -7.580015879313558    0.02547839937999825      14520.18648343412
                2500000     -7.773451961624285    0.02546637418706601      14514.55952106895
                2500000     -9.259072963834718    0.02489142090849512      8814.697604825218
                2500000     -7.673329703589824    0.02542629927650201      14391.03585041809
                2500000      -8.65712595832324    0.02650375044228906      12663.52298512931
                2500000       -8.3127767811434    0.02702328773636797      16423.50411628708
                2500000      -10.0108804962369    0.02544362167827055      7512.852362704448
                2500000     -11.44287342023058     0.0236207426374872      3496.461785278947
                2500000     -11.13753964487573    0.02379953361518248      4110.774405290297
                2500000     -10.99081032755642    0.02430464642705885      4644.353453879316
                2500000     -11.81328328388144     0.0229686964345029      2761.663148676622
                2500000     -13.41341139585492    0.02139996263551217      1199.895702336657
                2500000     -14.33856119468521    0.02235385310373983      891.8963060393855
                2500000     -14.15077795272703    0.02226679782100503      929.1484998732815
                2500000     -13.57246019147336    0.02150555425077137      1143.681625782152
                2500000     -12.78453373666583    0.02179163633334733      1779.440711437437
                2500000     -10.76219097854342    0.02445619923091922      5621.329184957577
                2500000     -14.98438545862047    0.02181098455207723      372.3308079532225
                2500000     -14.81571177250871      0.021047062908642      446.1950121613093
                2500000     -12.98593309671762    0.02148212599160356      1539.129273916115
                2500000     -13.06952830098718    0.02175355427801396      1528.591967941889
                2500000     -12.57284108311055    0.02153564757570432      1767.041846932377
                2500000     -14.74018474954924    0.02116332919325089      541.2276667946024
                2500000     -14.10754799644197    0.02151871959704397      901.7678083566046
                2500000     -14.57601740639365    0.02153812086299406      709.4630183587299
                2500000     -13.18180044133113    0.02101930227839833      1279.932971677061
                2500000     -9.153154174579162    0.02643342097662447      12048.61269243203
                2500000      -7.31185136785381    0.02597713732606496      15028.14163853758
                2500000     -11.34451302028019    0.02333462003145252      3626.847305438607
                2500000     -10.48708963248707    0.02468656817863139      5778.042409947981
                2500000     -9.908484678160244    0.02490218553508307      8577.754080837813
                2500000     -7.994052126424263    0.02616337408996515      15470.39617633658
                2500000     -9.703198546093939    0.02461631949785222      8227.252033027351
                2500000     -9.800466754355256    0.02465480351512951      8337.922812994369
                2500000     -10.37928119462022    0.02524868974890209      7655.711152570067
                2500000     -9.408787975264977    0.02534200341020338      9733.623753484328
                2500000      -13.7980727116982    0.02288319783123392      1293.669772799478
                2500000     -12.35717689293983    0.02297796259849765      2411.505375816519
                2500000     -15.12618344332887    0.02080387557679289      9.498465549803441
                2500000     -15.16126775582037    0.02166928695985638      1.971215340714144
                2500000     -13.98622444923883    0.02191426720470348      932.3457177059245
                2500000     -14.94082766298552     0.0221199558225833      485.0837510305398
                2500000     -13.28696570522936     0.0221553376345196      1446.690826125416
                2500000     -15.28602250084407    0.02140732649950578    0.00409969347291364
                2500000     -15.20130966148994    0.02279407972685012      0.220475133400914
                2500000     -15.36003126820299    0.02097318639314547  0.0008867859083726463
                2500000     -14.42714322842318    0.02148536624235381      768.7024352651067
                2500000     -12.87472620114399    0.02276976834343136      1909.932559925107
                2500000     -14.19366714111192    0.02155658914233927      919.6428498223676
                2500000     -14.70186010547997    0.02153841436384017      647.0606042743116
                2500000     -11.90988935071905    0.02278295185363903      2861.859806239716
                2500000     -10.88293658363417    0.02448109034509688      5181.346796564998
                2500000     -15.45630493024038    0.02226624436246004   0.000168896924803118
                2500000     -13.70235298919551    0.02271355461560265      1268.376528271182
                2500000     -12.07907479692384    0.02281190478444893      2594.853012475933
                2500000     -12.66135737425607    0.02236520933560868      2075.679781202807
                2500000     -10.13757981965053    0.02470951338476079      7579.609815974914
                2500000     -11.69533557506957    0.02294309412579915      3122.784360886043
                2500000     -10.60960814565076    0.02408130174817174      6652.192845023804
                2500000     -9.602518437759779    0.02343925631489207      6899.277154180368
                2500000     -11.23155539642377    0.02318173719071602      3908.858118148262
                2500000     -9.301793304391746    0.02366287285913434      8139.882692707097
                2500000     -12.17854548052906    0.02274377454197094      2528.559740221834
                2500000     -8.420880238297395    0.02425150496750051      11475.18583210824
                2500000     -8.874240667679684    0.02292851620812335      8666.892347685136
                2500000     -12.45528530724898     0.0216874121054086      2010.605925332622
                2500000     -11.55714418736018     0.0211922277718521       2538.11729630149
                2500000     -8.211981945941311    0.02328381099549026      9991.274688235091
                2500000     -11.09819231326149    0.02084312835498671      3060.555111823525
                2500000   -0.01074054082598469    0.01908905212299004      73250.09478112686
                2500000     -1.155527303295072    0.02053764115429193      87931.30886805902
                2500000    -0.1012639586686046    0.01960125992460115      100822.9912183204
                2500000    -0.8651845854089352    0.02053899491335926      98089.34063461104
                2500000     -9.052944619135232    0.02106742734435159      4436.395611034127
                2500000    -0.2283631794512472    0.01959912643982382      91902.06569069088
                2500000     -2.289152894773151    0.01980955581897243      38685.68870356688
                2500000     0.3237313569385218    0.01796521688287356      71277.57561563775
                2500000      0.126478304112747    0.01842682483977622      82664.17335418719
                2500000     -1.881718314527575    0.01942685280588905      47937.88942628209
                2500000     -2.002768671965162    0.01875662704734684      35903.89700756089
                2500000     -2.413509444872491    0.01862642943123465       27208.9639972835
                2500000     -5.341156994134863    0.02018830039682049      7780.908229037617
                2500000     -10.28261382779673    0.02054621589843271      3739.790321182936
                2500000     -12.26640507242239    0.02142342470073319      1856.985145756184
                2500000      -8.13453170416701    0.02026331503119535      3364.805678276853
                2500000     -5.278316970732315    0.01949307858129549      3911.326251685366
                2500000     -5.219272647650902    0.01933090413001642      4549.088218033463
                2500000     -4.842364800647119    0.01925959519391648      5462.985448325407
                2500000      -4.44991562723227    0.01866799858911529      5480.308655993546
                2500000      -13.5320059861915    0.02142170398881215      1202.410830827821
                2500000     -8.623166748390188    0.01984670705509466      2457.712799278409
                2500000     -6.895528512468671    0.01932038314451368      907.7569563261086
                2500000     -4.782182889857772    0.01852093806798964      4053.369474124126
                2500000    -0.3497802707545371     0.0172915803754316       72388.0866552096
                2500000     -6.958295751864581     0.0190674045718155      1016.279018181079
                2500000     -13.61361067807416    0.02166558636770327      1197.034556243375
                2500000     -14.29447244043221    0.02182313700648338       909.031511893428
                2500000     -14.53457806243091     0.0215278426775763      715.4502680427341
                2500000     -13.89087324263082    0.02220459773574742      1092.258268964714
                2500000     -13.45208409143262    0.02119482376969627      1058.385510762257
                2500000      -14.8542182339245    0.02155951528194471      474.9722298959434
                2500000      -13.3722587057863    0.02150050713906308      1355.382137608656
                2500000       -15.324604434875     0.0211801819143814   0.001914538263787119
                2500000     -14.61669851218342    0.02178562843450497      671.9618583854499
                2500000     -12.74529917949669    0.02107172189031065      1705.522150323379
                2500000     -13.10687676513392     0.0208240177555054      1301.072913728773
                2500000     -14.06815516592918    0.02122669376302408      900.5106460363739
                2500000     -15.41992795527422    0.02007787716599464  0.0002176707245393711
                2500000     -15.38917748288468    0.01970839894916896  0.0003647081005534852
                2500000     -12.53556871877581    0.02054458640000233      1555.547245516259
                2500000     -14.77890085195699    0.02088953626314865      445.0882425504175
                2500000     -15.55157493116292    0.01842537159722379  2.404971602678114e-05
                2500000      -15.5086947269682    0.01925316764070464  6.121082077314856e-05
                2500000     -15.69832851391044    0.01855752150009908  1.179612333991477e-05
                2500000     -14.46276038992028    0.02036342911835575      660.1496874626603
                2500000     -15.09293744601601    0.02062493435222289      36.93801530427605
                2500000     -15.59094275275336    0.01833616681523837  2.406699087861787e-05
                2500000     -11.99698170188802    0.02052696095168737      1738.245808389858
                2500000     -12.95235393363852     0.0201755715137058       1150.99962977528
                2500000     -13.21272005696843      0.020024448201157      946.3621509041543
                2500000     -15.24798827092665    0.02081369960631258    0.01143718627943255
                2500000     -11.47946504999101    0.02013861424092901      1996.846075273638
                2500000     -11.77902179545478    0.02015861990477942       1564.54444224036
                2500000     -10.04390339034799    0.01993868922702918      2477.896597947265
                2500000     -11.31337063889626    0.01967753484973948      1360.459485414763
                2500000     -10.51895472154739     0.0199071697717704      2050.986493632191
                2500000     -11.02063804726925     0.0195600415567483      1434.027846197155
                2500000     -10.79389011857535    0.01966017333115734      1562.690868930224
                2500000     -10.96309716610073    0.01938612257936124      1140.124495433544
                2500000     -10.45920313030095    0.01930253753261214       1145.52072319007
                2500000      -12.3850091615529    0.01950367712678552       485.172607873265
                2500000     -14.22334888212967    0.01941318049100247      465.7074132689747
                2500000     -15.61243897088852    0.01801511094881433  1.218405235353505e-05
                2500000      -13.9579505968927    0.01933800662806979      326.4487587055091
                2500000     -8.554617385795369    0.01936180735294726      1585.940122846088
                2500000      -8.79419170253221    0.01959689346025211      1146.104278934902
                2500000     -8.281987941424918    0.01892410856591095      1043.189671828627
                2500000     -9.124132537459637    0.01905811496912173      704.4541522539492
                2500000     -5.730592100674888    0.01798680626017642      1297.561199017127
                2500000     -7.228435109355008    0.01884496312205725      486.3085896173532
                2500000     -7.905283889352496     0.0189985972805265      514.2695739434922
                2500000     -9.181501948929531    0.01935818307321265      210.3996182344135
                2500000     -9.382510192793019    0.01808755346438931        40.638149788771
                2500000       -10.736978075808    0.01796348624209076      5.442410123852498
                2500000     -10.58524545683484    0.01796394315455422      7.256994855644065
                2500000     -11.41782287520551     0.0179682005619594      7.115529382146505
                2500000     -5.671995117733397    0.01811920999892331      953.0016313398058
                2500000     -6.832271091727295    0.01803512458194554       97.2965328595312
                2500000     0.2036826046930469    0.01741558910096595      65829.53002416957
                2500000     0.8960631777979939      0.017065117180011      60242.02151645136
                2500000     0.6938766674339198    0.01690991778563956      60498.97189419799
                2500000      1.377500770179045     0.0173443521532773      60260.95178213571
                2500000      1.988205163211045    0.01755536080166327      58210.89867811708
                2500000     0.9719166016917363     0.0171029679233783       65985.3079148768
                2500000      1.527741130088593    0.01741563417129192      55215.13413714615
                2500000      1.302851723843242    0.01719090756146115      61447.28381045874
                2500000     0.7705826232426998    0.01720331618630627      69788.45305020461
                2500000      1.099749523733649    0.01701403186442006      63547.16974918472
                2500000      1.747733012651788    0.01759376549021528      56287.97672580913
                2500000      1.172205558538334    0.01692491474828023      62547.24939057865
                2500000      1.826664759610708    0.01754202383998096      64054.48036588141
                2500000      2.411080511351953    0.01765132649991672      77429.46250822381
                2500000      1.606700345942314    0.01713031720023321      58122.01649835339
                2500000     0.5737301496197365    0.01709776831092314      69503.32663468969
                2500000      2.323859169838423    0.01772363371101573      72489.46021220945
                2500000       0.49798111509223    0.01750504047372582      82955.11405555847
                2500000      2.119507828559362    0.01744099284740215      62162.01769197486
                2500000      0.399765449192894     0.0170453201215492      69222.94552276294
                2500000    0.02319457972880011     0.0171410340244736      73620.99901290514
                2500000      1.955285041132788    0.01683447177612427      62118.18217068088
                2500000      1.410640229782066    0.01655102325169945      77312.48116813334
                2500000      2.697665919778097    0.01772693714878424      116580.9543243815
                2500000      3.523983041986205    0.01769847482925743      708718.1034851406
                2500000      4.660818743787571    0.01713373879891275      391829.0745807154
                2500000      4.839752484501576    0.01735261571158249      153391.3712025952
                2500000      5.250179155629805    0.01660574941681764    0.03899687471872602
                2500000      5.219071368699921    0.01623620518921477     0.4672556914416569
                2500000      5.397692893956146     0.0156211117985811   0.000655192615456826
                2500000      5.330043561722372     0.0157580330969475   0.002254828760944275
                2500000      3.703512688038025    0.01755933897871044      848836.9406268236
                2500000      4.912013865765784    0.01653960983476058      70219.36945795467
                2500000      4.005110597030143    0.01728090868246527       1020209.84426991
                2500000      3.617366992400012    0.01749409283763836      769768.6053570121
                2500000      4.972788125506326    0.01559729537415535      33130.94053952931
                2500000      4.374935369849884    0.01638355194668453      785035.8700897146
                2500000      3.924381803717213    0.01721941700157124      928436.1492156073
                2500000      4.255637838101672    0.01638575471100553      789558.6939025951
                2500000      4.593647403725197    0.01559473335536048      373731.5723782431
                2500000      4.539947327118814    0.01534698646961973      440955.6745738466
                2500000     -3.164460396389675    0.01699143492507336      8340.928985685996
                2500000     -1.648937414965917    0.01699317479340887      26912.83674245288
                2500000    -0.5758850079259348    0.01659320417654997      50160.47677791811
                2500000     -1.486898708958451    0.01667785027069275      21567.12365010812
                2500000    -0.1982499224921167    0.01598396001514702      51811.62082220377
                2500000     -2.742860277731184    0.01670246139759062      9286.448196842657
                2500000     -1.430432501058006    0.01642576195804288      21033.17230232187
                2500000     -3.221236496892042    0.01667380973983167      6016.296172659502
                2500000     -1.815108447728454    0.01640500060122959      16770.36962510086
                2500000     -2.117495015649786    0.01660139394832275      11866.69558609112
                2500000    -0.4247043992160569     0.0159803134283788      42226.45404737314
                2500000      -1.03970755824913    0.01614332596284871      27420.61972339467
                2500000     -2.686546201766641    0.01667957148936853       8419.54980580168
                2500000     -2.631804009200379    0.01667945843196383      8697.971283573652
                2500000     -3.332671084299795    0.01671814196978997      4799.781487662138
                2500000     -3.823929296754607    0.01679024963604163      3371.278096157701
                2500000     -2.897029814851415    0.01649788576010066      6475.180689335987
                2500000     -1.704803653830719    0.01610885664881607      11216.90999353467
                2500000    -0.7345796497719256    0.01533051948194171      16767.62427420529
                2500000     -1.758394079407509    0.01589478136233701      8303.144399748622
                2500000    -0.9824354016106561    0.01555015546916302       18867.5552052833
                2500000     -4.670352559498145    0.01711665701765464      1331.657853533292
                2500000     -3.608435436292421    0.01641637001574568      2684.597441861159
                2500000     -3.500788321699525    0.01656807810526471      2804.785817252958
                2500000     -3.389224179645993     0.0163330086126639      2919.397517442156
                2500000     -3.716015239165799    0.01648285382281391      2093.286074283988
                2500000     -3.991806106373039    0.01662149249668236      1591.514028048018
                2500000     -6.547771170259654    0.01512427908341522      30.08783210008272
                2500000     -4.903020308101538    0.01655292797986256      357.7804066485495
                2500000     -5.403137402360511    0.01664450569552517      138.5203765987258
                2500000     -2.170829114596825    0.01565565781385011      4992.516406315887
                2500000     -3.882538100529684    0.01480027260516733      383.5759443140971
                2500000     -3.104964275625091    0.01539260077359712      2110.363159511219
                2500000     -4.559309481454228    0.01464740218765594       105.514216027554
                2500000     -1.229799203119234    0.01543852095615913      12977.23875289323
                2500000      0.294150334216403    0.01571831488854234      60299.62022511807
                2500000     -2.475123429521414    0.01514963331247113      2990.299673530893
                2500000     0.8659997116547211    0.01593743675312705      67362.31881966307
                2500000      2.019576590295173    0.01654771120448679       51984.6661045272
                2500000      4.138598842796947    0.01575757043291238      706893.5506710887
                2500000       4.48425602624874    0.01493368787285563      443646.5726111953
                2500000      4.079832279908637    0.01578056024751307      702501.6141035128
                2500000      2.777698541616618    0.01757589774458377       186980.382898811
                2500000      2.541587624777971    0.01707374385619226      93455.87130088314
                2500000      2.191037991012282    0.01684939828262516      64173.32358832683
                2500000      3.785587537110886    0.01626410203691344      644461.8635274732
                2500000       3.84703965902604    0.01605622566695734      609244.4843954593
                2500000      3.060843904800574    0.01673069532785552      284455.6108034453
                2500000      2.995647148733945    0.01661725009439678      181722.3054841304
                2500000      3.150251043943986    0.01670498227248953       312481.415251223
                2500000      2.604766560203853    0.01643132906460719      78608.21814514139
                2500000      3.279135084794918    0.01598386236193106      267576.6019960706
                2500000      3.213120500617451    0.01601625411232963      258873.8431023511
                2500000      2.877977489932738    0.01650633348094224      160946.3611352416
                2500000      2.439486069409654    0.01616163284231553      72811.33885753305
                2500000       1.71726161628149    0.01593493720467027      56044.53527718417
                2500000      2.295044712535314    0.01604343534553145      56176.12975411215
                2500000      3.403324127533948    0.01578041261919327      344263.7339977839
                2500000      3.332793141767422     0.0157813255737192       325125.820808618
                2500000      1.000638121284719    0.01550279649267483      62543.43077845338
                2500000       1.20023022473402    0.01556845849901265      60135.37783382866
                2500000      1.071314821746784    0.01547422290595532      60168.66701490943
                2500000      1.274342883124916    0.01552365569752843      56335.96744285924
                2500000    -0.1281774830635105    0.01501596653727865      37173.08799575276
                2500000     0.6675936747472149    0.01537161447002045      59474.64057353246
                2500000      1.499221753932948    0.01568247795401211      57080.28662599048
                2500000      1.855614021042193    0.01567851304234784      51484.69891111297
                2500000      4.774727856908982     0.0146841088296451      115787.1723064906
                2500000      1.633638141098582    0.01529868806880748      44640.37601613742
                2500000     -1.589183076445965    0.01453207355139505      5449.445009191771
                2500000      3.452444500052097    0.01509910009453789      182663.5056743769
                2500000     0.5991716943069064     0.0149734715787256      47051.14095776608
                2500000     0.7967575682886907    0.01491687875969558      45303.02779229972
                2500000      2.930766796493888    0.01480559029691071      29663.51658924781
                2500000      4.434862814895602    0.01448892918715987      395127.5123118717
                2500000      4.317365994233755    0.01441257020270816      399187.4303813446
                2500000      2.675678388575418    0.01465227016219066      14779.90702444791
                2500000      4.198603698677192    0.01437617695988493      348375.4374866671
                2500000      2.390217571579207    0.01426653563729598      8430.489498810644
                2500000      3.545520689191738    0.01441945900760777      80364.68119423639
                2500000      5.426626602167267    0.01495989788848499  0.0003186642511453523
                2500000      5.447977729000958    0.01448861136516759   0.000167237848871857
                2500000       4.68414940717818    0.01419874264172185      136709.7909367399
                2500000      5.490720765551106    0.01555951944406388  8.408599166820571e-05
                2500000     -0.785248211555251    0.01447125507761936      12455.38045265032
                2500000   -0.03396846524295172    0.01439628066025328      14494.99529432924
                2500000     0.1013221003421206    0.01464920994270704       29301.1386744326
                2500000    -0.4763566101006397    0.01431271537620205      11330.66874870882
                2500000    -0.8408540623870394    0.01439321075072887      10592.48269913378
                2500000     0.4225928000628781    0.01446200547330062      27138.17364825152
                2500000      1.548979203644956    0.01423669185067896      10816.17114374135
                2500000     0.2269813212287741     0.0144600202949436      22725.38057248163
                2500000      2.212652030839224    0.01431605912150311      14156.39435771593
                2500000       1.93353223023944    0.01427438481524465      15704.41960695225
                2500000     0.7127898217362709    0.01409288410075979      10853.19974178642
                2500000     -2.528006761997735    0.01424381646886402      1515.588214589518
                2500000     -3.769186949198333    0.01397716646106254      236.2624371268191
                2500000     -3.276449247185738    0.01444007503749054      693.7700543723746
                2500000     -2.221275880746231    0.01414016646403412       1018.12689354023
                2500000     0.9151907424636861    0.01381196183495073      5221.496258870624
                2500000     -1.280144279687527    0.01384838702264083      1498.323372187435
                2500000     -3.937569092658559    0.01367843657223882      55.57983595477855
                2500000    -0.2932439837197195    0.01379317989065401      1240.516814064921
                2500000     0.3426530087928051     0.0137342683771308      2242.507583178938
                2500000     -1.372411015720341    0.01316619193910001      20.41733016922996
                2500000     -6.770834693221205    0.01321456402030416       8.51149220824672
                2500000     -6.109785850814832    0.01351159508759393      14.11043242905621
                2500000     -5.943714989406145    0.01317615242543788      4.705163545548842
                2500000     -4.614451757372787    0.01317650036040872       5.36637776786799
                2500000     0.4776883080324627    0.01359605019213136      3472.852131917451
                2500000      5.276765216339527    0.01438903064621876   0.004329769723058275
                2500000      5.534201125495296      0.012839899029296  3.419208038457085e-05
                2500000      1.766539138200135     0.0134598123979065      1904.053748307761
                2500000      5.465522520050031     0.0138855311886145  3.443729111093227e-05
                2500000      0.517161621803313    0.01352408010850112      1477.987740664016
                2500000      5.571345243854686    0.01280451111100473  1.709636361930648e-05
                2500000      3.684059476243803    0.01363832415285057      20304.90951059425
                2500000      5.381021906817438    0.01278319031449549  7.165876509828312e-05
                2500000      3.987149289343698    0.01355372375599139      34171.57814673807
                2500000       5.51028426610343    0.01268754832225734  1.728765304476107e-05
                2500000      2.759844403492653    0.01264933941157675      33.35603257073803
                2500000     0.1458882297519375    0.01308358779674377      255.7958018862624
                2500000    -0.6408840816775486     0.0127324603497075        63.951079492868
                2500000      1.358555907152614    0.01302094014047044      120.2860604840717
                2500000      1.807627963254407    0.01270980683959026      32.14048850301401
