#! FIELDS time ld1 sigma_ld1 height
#! SET action OPES_METAD_state
#! SET biasfactor                       8
#! SET epsilon   1.153581406617129e-07
#! SET kernel_cutoff       5.652472782993875
#! SET compression_threshold                       1
#! SET zed     0.04019369839929036
#! SET sum_weights       9773998.815735215
#! SET sum_weights2       40170674.38433114
#! SET counter  10321347
#! SET adaptive_counter  2580340844
#! SET sigma0_ld1      0.2576125761964729
#! SET av_cv_ld1      -5.873478651396482
#! SET av_M2_ld1       711308464.4608798
               10375000       3.10582586613272    0.02229721392809418      2889061.324215898
               10375000      3.574378382773371    0.01979864280141581      4107120.848346124
               10375000      2.832478415528397    0.02373725508513985      1860903.214602824
               10375000       3.36804235529199    0.02076738262655083      3798618.890543667
               10375000      2.485971705145346    0.02473308411498669      957672.5460829217
               10375000      1.237557609858324    0.01994096089333184      536967.3015161502
               10375000      1.674700790885344    0.02284300528542823      650160.2481198084
               10375000     0.6326475131619533    0.01997878484397844      466042.8519696682
               10375000     0.2581318045361138    0.02128415754635151      422937.9002694925
               10375000      1.897045752848749     0.0240172836551829      653397.3234359381
               10375000    -0.3893324105358909    0.02318832321181581      392727.4068496482
               10375000    -0.8134169005949308    0.02205615307141252      319257.3638677226
               10375000     0.0669461246900505     0.0226825209406074        453894.29515444
               10375000      1.036180085235787    0.01935852740647054       498711.392175861
               10375000      2.250074525968436    0.02489218558154853      760706.6439070656
               10375000      4.171079630715412    0.01786442706995483       4052673.28631958
               10375000      3.749388630741043     0.0194806262065236      4513724.818543162
               10375000       4.04620970557739    0.01824695659860462      4424564.637672816
               10375000    -0.6106177544649243    0.02235468467935749      343217.1976349399
               10375000     -2.501718942687458    0.01800969408230936      210534.8312977101
               10375000     -1.201384683439733    0.02070972350692203      292244.2285738763
               10375000     -1.617572273176848    0.01999195834103774      278327.8182216692
               10375000     -1.398419838306566    0.02096491638724694      308964.7497660429
               10375000     -2.249218440851227    0.01869876623488104      239636.8211041458
               10375000     -2.714711238019054    0.01754134045707438       186561.551889479
               10375000     -2.924697840764617    0.01728661811096951      170450.0486769445
               10375000     -3.580125623469641    0.01797641821274312      124498.1373295732
               10375000      -2.03893207140356    0.01887023990290742      250830.7313569631
               10375000      3.881850701616996    0.01884221506435655      4308781.374823791
               10375000      4.511438053555248    0.01622915711969107      2021414.336289667
               10375000      1.458376491503913    0.02201251463244552      630247.4352549564
               10375000    -0.1622629652071998    0.02285133680966187      411691.2047145707
               10375000     0.8293898844475645    0.01934896390653978      488193.5917333398
               10375000     0.4512354732588783    0.02033033324714906        406446.74755114
               10375000     -1.010634679667332     0.0210264521104504      292098.8736109884
               10375000       4.28986341230467    0.01734306711546043       3646798.14064519
               10375000      4.407563768920676    0.01678193995668227      2931615.819380805
               10375000     -1.844717428767914     0.0194662495902074      266703.2106470779
               10375000     -3.132733147189942    0.01793447612970931      163152.0825143661
               10375000     -3.361429667261837    0.01788551386139161      138595.3113462784
               10375000     -4.641409465677999    0.01750995935171573      117267.5749358811
               10375000     -4.874667761924872    0.01787238207588107       140747.267305648
               10375000     -4.419253470519338    0.01773610958888268      113800.8037290748
               10375000     -3.796478009640055    0.01808653800078914      112158.4671745725
               10375000     -4.020098851140325    0.01782555711956767      103654.6189050587
               10375000     -4.214379022332821     0.0171812283282366      97914.17667262378
               10375000     -5.433113822134597    0.01751512134607199       154504.649332075
               10375000     -6.577720035929648    0.01760684458060811      132335.2104746336
               10375000     -5.915542975765072    0.01705001958271018      147261.0812675632
               10375000     -5.701357223931733    0.01751369248701729      156871.0416931123
               10375000     -5.187453724929099    0.01747208793576162      151425.5404589599
               10375000     -6.358955713900761    0.01725340534201308      133932.3519723877
               10375000     -7.723902651669646    0.01799247297176057      77363.48093878508
               10375000     -7.364765778244585    0.01806054195855007      94340.78122205773
               10375000     -7.937414016964642    0.01933123823604446       89025.8935178403
               10375000     -6.800949046466402    0.01854887241277981      133246.6650427664
               10375000     -6.988693975627609    0.01776290236791528      115066.6537370241
               10375000     -7.527421269221413    0.01793611776690044      86091.36459197436
               10375000     -9.350360779383148    0.01938573258721786      64214.67923075789
               10375000     -10.32227996604658     0.0184637170654975      54175.80609545566
               10375000     -8.167950006146468    0.01947475090877656      82010.95717008378
               10375000     -6.140777465093393    0.01748972254515233      149681.3300850515
               10375000     -7.198616232973373    0.01817413478360411       102648.276266731
               10375000     -8.829473784366867    0.02012883979797567      76701.78199244557
               10375000     -8.371262375031277    0.01946409117711518      75636.16243690286
               10375000     -8.589192230170946    0.02019484336574442      82834.54281376909
               10375000     -9.090405649377562     0.0195916791144605      70427.78728768734
               10375000     -9.854422962543145    0.01807418693054749      54783.92449392836
               10375000     -10.08027091195795    0.01869434790630546       60397.3560253121
               10375000     -9.650336080890609    0.01818144400384575      55956.82367837982
               10375000      -11.7448333084698    0.01653849173568034      25631.68478197053
               10375000     -10.55403033963438     0.0184296387287614      53822.86392867101
               10375000      -10.8273203899059    0.01758404010975595      46928.12619950068
               10375000     -11.51268295956157    0.01666486792103997      30575.62250756593
               10375000     -11.28189263577345    0.01674609037882079      34642.15849827938
               10375000     -11.05490764902266    0.01734364047903702      40302.09273307802
               10375000     -12.12833487359713    0.01641838658122001      17265.55215581741
               10375000     -12.50036241856749    0.01632933454239708      12372.87806830304
               10375000     -12.70644980427035    0.01661067779622672      9667.245752116436
               10375000     -13.14355753734539    0.01702810787175551      6018.740561009275
               10375000     -12.30533529786715    0.01668691779906649      16106.37819505722
               10375000     -13.49391565268915    0.01745756226268861      3967.869394769958
               10375000     -12.91871059014384    0.01662873083906944      7276.834414281961
               10375000     -13.84636903871936    0.01864027351385974      2773.989195987258
               10375000      -14.2535528232363    0.01888609297734744      1914.638927981426
               10375000     -13.33141554567574    0.01749151488836183      4658.611253754159
               10375000     -14.49593949347693    0.01849072402912788      1288.360657689705
               10375000     -13.65639915238098    0.01817835608265363      3463.346969284863
               10375000     -14.65989604449204    0.01992567171359226      1203.012235890701
               10375000     -14.89722087146052    0.02028371845079247      775.1285922439939
               10375000     -14.02896284505301    0.01865984859507065      2525.148566267859
               10375000     -11.95967735525772    0.01617654366722821      19547.57706007325
               10375000      2.065707452619896    0.02293825372621807      482786.6165618486
               10375000      2.644021092480053    0.02126879461426816       810451.732122593
               10375000     -2.379805522782994    0.01759633429658449      195665.9879605598
               10375000      4.625006194067141    0.01666167876296536      1570518.763929418
               10375000      4.879298793473732    0.01623339303908283      282795.7974043253
               10375000      4.710718333058709    0.01677875059361117      1012861.157090553
               10375000       4.80350537164458    0.01662486226687261      545083.0191342717
               10375000      4.942945877752305    0.01587778190551335      159480.8644736431
               10375000      2.959680762824327    0.01935344086851552      1246405.829024825
               10375000       3.24579427103583    0.01884887493345907      2236610.851034644
               10375000      5.001329071606639    0.01598665376912626      79119.39936725411
               10375000      5.034515876189698    0.01620926133652994      46536.90680249257
               10375000      3.481827359039265    0.01901219890179606      2965944.178289182
               10375000      3.659415474305522     0.0182962008792492       3106533.79036976
               10375000      3.962315986187279    0.01756247018066353      3526160.606645178
               10375000      2.365984027262091    0.01792859801491347      232246.0034480358
               10375000      2.739295486358858    0.01744384524608098      494062.5793774031
               10375000      1.787874729509488    0.01625061703437448      139959.8462504282
               10375000      1.338998602000443    0.01604014275213001      162079.4021477304
               10375000      3.028718523023059    0.01678668089581383      1139306.803837788
               10375000      3.816703165699051    0.01639280605962867      2711317.091097862
               10375000      3.182841835693897     0.0167179577490765      1559500.666799981
               10375000        4.3435704823354    0.01596351936435671      2671490.153688674
               10375000      3.306532295301895     0.0156790773819382      1650503.376503691
               10375000       5.06695319065564    0.01596050011622774      17318.81860667162
               10375000      4.224116081318763    0.01599536523661572      2847724.196003996
               10375000      4.109347546380546    0.01587575979900275      2735025.004239858
               10375000      2.574932281705871    0.01602821690962968      335284.5309295092
               10375000      2.156744801582192    0.01652498875671913      194603.2991747091
               10375000      1.573698085552598    0.01613321701248732      147782.5985288158
               10375000   -0.05894465953914085    0.01755117336391717      157847.4291192844
               10375000      1.134987007969271    0.01588893379561594      184196.7496919971
               10375000       3.42874264910105    0.01527353101251941      1805620.108451766
               10375000      5.127690741027782    0.01535147603134235      971.8990153397159
               10375000      5.097806909508354    0.01560500123843581      4782.961912255852
               10375000      5.156035358284453    0.01505184729556846      173.7142207406202
               10375000      4.566428885875805    0.01521275028695892      1401350.012639807
               10375000      4.458803639523857    0.01539240958423345      1919208.280694096
               10375000      5.299130869862648    0.01569476833386244     0.0111117247946325
               10375000     0.9382273721535609    0.01600548401884191      184208.1698825719
               10375000      2.907134783962849    0.01562796909844843      713047.6017096025
               10375000      5.183768369169821    0.01516039846095316      22.26914689480623
               10375000      4.745573041108215    0.01629954007181223      775929.2314760081
               10375000      5.356441605927938    0.01586415685448372   0.002730688855493652
               10375000     0.7370454471378751    0.01596285328942877      172996.1639100307
               10375000     -3.249909035419997    0.01755767329317179      140480.7006507592
               10375000     -3.024730298596113    0.01709790288252491      153098.5608808874
               10375000      -5.03348176346432    0.01663655012655401      122550.0585935496
               10375000     -3.688325068693493    0.01752618363040473      106436.5456519149
               10375000     -2.603981193767017     0.0169895060426328      176350.4805825807
               10375000     -3.471599902630503    0.01760330210222177      122134.9503931896
               10375000     -3.910051792882886    0.01778374862786255      101843.0570050677
               10375000      -4.75172034191184    0.01730286446491146      119245.9997329643
               10375000     -4.532943503351508    0.01747843474594081      109719.1887718784
               10375000     -4.314279073786547    0.01730058898557173       96908.9124295995
               10375000     -5.309671246896833    0.01684324039649562      139892.8060706411
               10375000      -2.81975056422046    0.01684086985713371      163220.0879059211
               10375000     -4.120122240174951    0.01714027919520638      91922.14462103107
               10375000     -2.144287478486119    0.01737189347828687      188240.4089274108
               10375000     -1.731856479152059    0.01833527545387103       202760.666149476
               10375000     -3.303360274176948    0.01768534787068659      141644.2476583897
               10375000     -3.192814128835823    0.01747375617701528      149088.1815279307
               10375000     -3.418377746846868    0.01780208823600703      135681.8093479422
               10375000     -2.658753124634244    0.01727427164011591      182890.1931867177
               10375000     -2.446752851819038    0.01757217446890264       206546.730253296
               10375000      -3.07706219825501    0.01756703366098487      156705.1827317319
               10375000     -3.963978418418491    0.01791342815119527      105749.7546418563
               10375000     -2.327969430193225    0.01784786212419385      204063.7561105494
               10375000     -5.082057207529059    0.01661774385787062      122720.6090243758
               10375000     -1.918371161769472    0.01834233926629171      220193.7378698911
               10375000     -2.975830934763555    0.01709898999984936      158317.6554782894
               10375000     -3.743190499265453    0.01774906984577486       106694.462642301
               10375000      -3.63691168081243    0.01771303121360636      114695.1816138662
               10375000     -2.869044271494623    0.01703665338008083      161491.9031227667
               10375000     -3.854668455711234    0.01800035018104279      110636.7864751704
               10375000     -2.771432050193102    0.01705790814964164      171322.0236525422
               10375000     -3.527347973586093    0.01765243113877936      118808.9822492221
               10375000     -5.588212023253519    0.01647286785682227      136664.8115244548
               10375000     -4.982952887187793    0.01681140598190466      119582.9743399169
               10375000     -4.480564107288409    0.01749440337288257      109924.2492673023
               10375000     -4.698007885875568    0.01740627939379187      121476.3362918447
               10375000     -5.248800101808693    0.01708080424462883       139849.992268049
               10375000     -4.811616271467176       0.01737228453891      123946.1185899679
               10375000     -4.262501591081203    0.01741889353462275      100780.0251599942
               10375000     -4.367206210104741    0.01738607478507919      103659.0623191215
               10375000     -1.516065467780657     0.0184915590058216      210697.1174176853
               10375000    -0.5009014119557181    0.01868246549891061      168923.2313933931
               10375000    -0.7070756151280478    0.01861425963007167       174511.085594625
               10375000    -0.9086076679594917     0.0187615888246689      191631.4613701423
               10375000     -1.112893781839495    0.01850727804728136      195117.6439271778
               10375000     -1.304423081956491    0.01867029032484596      205143.9134171323
               10375000     -5.538249938818018    0.01633978229744738      127735.3480455504
               10375000     -6.027150112358463    0.01688478417110598      135796.3573571888
               10375000     -5.374255565472545    0.01717220534902672      153715.1040036398
               10375000     -5.642019246214556    0.01718934031293617      150374.8062606016
               10375000     -6.250386087399049    0.01678023903786751       125622.969455804
               10375000     -9.508389889241373    0.01707424043427536      45726.57008929214
               10375000     -5.814000886533239    0.01643639458272055      128057.5305665729
               10375000     -6.464705457311319    0.01680269561028511      117085.1614108691
               10375000    -0.2698728914722539    0.01815331020325572       173473.637178424
               10375000     -4.588256342931955    0.01742624268580737      115744.7261571892
               10375000     -2.088916465462507    0.01795532710536021      215961.9540171869
               10375000     -1.678242005328715    0.01852634726076945      225646.5518141726
               10375000     -1.968368712010724    0.01798276474013165      215274.5114356772
               10375000      -1.45862679678442    0.01887298530328714      226963.3845798058
               10375000     -4.071463742432819    0.01742502672581437       100448.872126267
               10375000     -4.931921459425143    0.01714624824594901       128295.025111734
               10375000     -2.196364847138867    0.01763692060335279      192340.8198306453
               10375000     -4.167659914678398    0.01690362845899024      90818.58168574788
               10375000     -5.971339463377205    0.01698976537930201       141863.005440769
               10375000     -5.131987120780803    0.01687513418605474      130726.0254638507
               10375000     -1.785840560819342    0.01849027262272657      223587.7503939118
               10375000     -1.563120000403614     0.0186564518909253      226533.4402998335
               10375000     -1.255610824244094     0.0185816882513608      216741.2427843114
               10375000     -2.554262078691881    0.01696095337533933      172589.0628598698
               10375000     -1.068222423871299    0.01852414887964979       220320.671639331
               10375000    -0.9555562958074321    0.01846792825570283       211271.321740362
               10375000     -6.685649588481618    0.01693873388247036      103657.6024887053
               10375000     -5.760207170269787    0.01691545943857043      142520.5734815944
               10375000      -6.19686820825045    0.01700392260128912      135934.4507869069
               10375000      -6.86407298166206    0.01820529571253928      123031.4560386713
               10375000     -7.092434904071196    0.01687749750375941      88252.35887787078
               10375000     -6.520151886028929    0.01727780885589925      123357.2447132544
               10375000     -6.412968764942834    0.01683935554233977      126426.7448360921
               10375000     -6.082956329315138    0.01715390504862983      137563.3871270625
               10375000     -5.488840041514538     0.0166200033946459      133760.9466796482
               10375000     -7.821383344519371     0.0175296666593999      67404.90114618102
               10375000      -6.30381727506317    0.01683975548761334      126561.6364281973
               10375000     -6.740285778261586    0.01743241958472662      115870.7917328614
               10375000     -6.631417855145271    0.01704850530270963      115364.4394689014
               10375000     -7.422400314134669    0.01766576717538028      86412.37950666815
               10375000     -7.258570841297352    0.01755566212636055      93345.35511318427
               10375000     -6.927595796482747    0.01785921955865525      110245.6131365622
               10375000     -7.626298123823758    0.01700913007367594      69567.54160177408
               10375000     -8.046867383240118    0.01799823415090793      68693.15332992774
               10375000     -8.710475835275441     0.0179128845393792      55216.13496735466
               10375000     -7.142994065360129    0.01717544656275691      95270.51816545293
               10375000     -8.468638292356276    0.01808574055466412      57835.21380779779
               10375000     -5.862740717613892     0.0164384210336549      132226.3307716364
               10375000      -7.87660301848817    0.01843449937161586      78090.36065275321
               10375000     -0.760065868359465    0.01841637494674144      202844.7378171981
               10375000    -0.5457711414322047     0.0183998993460391      204921.8284497402
               10375000     0.1685666444849918    0.01692507004289773       159072.423881899
               10375000     0.3659354257023577    0.01639153954979995      168269.9424472277
               10375000     0.5396226320806611    0.01627747955456633      177019.4386998855
               10375000    -0.3172797849493685    0.01775837582080607      183386.1386561225
               10375000     -8.251901996393748    0.01834274693957942      65918.86344296412
               10375000     -8.966591179199451    0.01766907482823835      51109.24240165963
               10375000     -7.041434410369036    0.01684900969748954        90781.710624382
               10375000     -9.209919668444092     0.0175523390833697      51142.73092602065
               10375000    -0.6628944449579967    0.01831461741804811      207893.1385896132
               10375000     -1.349896149804232    0.01807223337396686      205725.1318634345
               10375000    -0.4521726727575057    0.01789378728162637      177983.2418700814
               10375000      -15.0576775703322    0.01898936617474184      158.8406065805063
               10375000     -10.71104455411274    0.01623330492085293      36544.69911273177
               10375000     -13.02331592300571    0.01704121696304229      6783.899331103476
               10375000      -12.6131953946976    0.01636528675741741      9154.725693152408
               10375000     -12.82728469118903    0.01662424458776821      7674.290194204736
               10375000     -11.64623065400421    0.01577846020682327      20431.48698238823
               10375000     -13.24405137721324    0.01668950729838087      4506.673823549511
               10375000     -11.86100337357757    0.01581660514837737      18103.66839455274
               10375000     -15.02316445995461    0.01937487367322445      325.0517383382964
               10375000     -12.41299111162594    0.01590377939705917      11370.11450486614
               10375000     -13.92951124891604    0.01782536401817535      2202.691216739555
               10375000     -14.38540773006202    0.01957070555294735      1563.858393910155
               10375000     -13.75147354221523    0.01844763476706069      2853.549483443823
               10375000     -8.102403249231378    0.01846052207470345      73009.59898091038
               10375000     -10.93386399991531    0.01587145169174158      30863.99499956946
               10375000     -9.959545396074702    0.01682248704170647      42864.08698174085
               10375000     -11.39245063717095    0.01574831369817102      23886.18668429579
               10375000     -11.18372662944019    0.01566369508564098       26671.9416328616
               10375000     -7.475221299890359    0.01738211390604118      79397.21332844227
               10375000     -10.18965829373367    0.01690551110154424      42316.23779624735
               10375000     -9.558296342569649    0.01698063686918595      45281.36594635886
               10375000     -8.764786502494355    0.01855925838133251      59663.14838228617
               10375000     -9.457327791829218    0.01698293252454829      47055.70827142349
               10375000     -12.22496972875901    0.01568101874357572      12133.42050613775
               10375000     -12.03435065103893    0.01544175849037447      14184.18736215996
               10375000     -9.750240077956269    0.01672423790545298      41668.78897917166
               10375000     -11.59865673210632    0.01553704493143153      20790.12036663636
               10375000     -10.65949812196423    0.01624615683929637      36078.85586262485
               10375000     -10.43024956297375    0.01640422933764709      36964.00993945255
               10375000     -9.019119757522605    0.01770122963000547      54858.86077318714
               10375000     -8.915801686170623    0.01752663412262863      49015.66319860145
               10375000     -8.524699975781596    0.01865828622047502      66120.74110251565
               10375000     -10.24318046239896    0.01720375739873768      43049.74338269351
               10375000     -7.580022534446879    0.01717963002326951      75904.24254396453
               10375000     -7.773203991277166    0.01741074271534559       69421.6586575322
               10375000     -9.259906552034463    0.01721316734133654      46053.05160283286
               10375000     -7.673631543155901    0.01723232875639261      71723.50804591565
               10375000     -8.656005271389978    0.01828189340838106      59308.36593441165
               10375000     -8.312894348314115     0.0187156987980696      68884.45936878369
               10375000     -10.01200351850571    0.01714524753149778      45398.89933378031
               10375000     -11.44492929344326    0.01595607441997402      25649.05575254634
               10375000     -11.13714828585556    0.01590210660332289      27987.62632648752
               10375000     -10.99167195952598    0.01616985302705388      34161.21483309885
               10375000     -11.81094534647931    0.01589700668720856      20247.61920664963
               10375000     -13.41437607352424    0.01721878448131692      4001.657859382449
               10375000     -14.33818529890526    0.01956148196730243      1577.869684881993
               10375000     -14.15230146041169    0.01908075502222174      1946.930900869858
               10375000     -13.57168061626806    0.01743915475262536      3225.945280137825
               10375000      -12.7844859871184    0.01631352707164934      7371.989301851024
               10375000     -10.76326851435545     0.0164987882956744      37082.95265601827
               10375000     -14.98383328357887    0.02006487847119586      554.5538932989111
               10375000     -14.81567773540622     0.0189763737120521      731.4824223131391
               10375000     -12.98695841981078     0.0166626215465332      7194.219768088934
               10375000     -13.07128049000311    0.01680755087301641      5934.412404444146
               10375000     -12.57317109935958    0.01583484450758932       8780.19957650978
               10375000     -14.73991336637895    0.01908629857924012      902.8384275662016
               10375000     -14.10612410831861    0.01838107183190806      1942.786652332587
               10375000     -14.57574672429532    0.01931691886868859      1253.470856512326
               10375000     -13.18012993070828    0.01645648148595777      5240.629324349449
               10375000     -9.152730812657229    0.01813236932488891      54211.62733213048
               10375000      -7.31170729791824      0.017086270334482      84260.20110358894
               10375000     -11.34319985464711    0.01583106698832847      27291.58140608301
               10375000     -10.48852026160476    0.01654818411888466      38897.83064639977
               10375000     -9.907755176124233    0.01682616795983944       45219.2037322761
               10375000     -7.994557660582622    0.01809353624079707      69555.57375482553
               10375000     -9.703128258889503    0.01674657772902913      44747.11589691398
               10375000     -9.800428330422363    0.01679183706062786      43375.60309757048
               10375000     -10.37864496583447    0.01686657484900206      42615.36233833695
               10375000     -9.409135013979737    0.01744414233598732      48285.37811496681
               10375000     -13.79777736517474    0.01871772391747572       2930.38323760517
               10375000     -12.35731062774119    0.01609873903988851      12516.02667764559
               10375000     -15.12448323653464    0.01883995309303769      14.78319240129365
               10375000     -15.15912372687831    0.01971192798775502      3.016933139611749
               10375000     -13.98767757663077    0.01831243816153669      2132.512484572514
               10375000     -14.94051659980645    0.02035391175407104      727.5427310955289
               10375000     -13.28683148156387    0.01724966773986358      4458.870992801979
               10375000     -15.28451972209508    0.01978356410125709   0.006087291081071852
               10375000     -15.19684006028347     0.0204839922955559     0.3768529241800777
               10375000     -15.35934518420357    0.01965148697056257    0.00122569661263109
               10375000     -14.42637652967789    0.01892126923394127      1474.968359783978
               10375000     -12.87569377984809    0.01681155650024796      7485.337524395381
               10375000     -14.19212205288144    0.01860453673895234      1877.803672013796
               10375000     -14.70132962465479     0.0194692154549677      1074.367202693658
               10375000     -11.91026662588739    0.01560287253037578      17078.96056125135
               10375000     -10.88226034015599    0.01612862770033257      33763.24311697429
               10375000     -15.45630493024038    0.02226624436246004   0.000168896924803118
               10375000     -13.70144673238125    0.01845514276927259      3080.812575432181
               10375000     -12.07912815251842    0.01579001926688943         15391.57623542
               10375000      -12.6620127126445    0.01635556799755448      8901.316082906129
               10375000     -10.13704508532658    0.01665208958198077       41088.6171551818
               10375000     -11.69621175776247    0.01559751275863403       20068.7960746933
               10375000     -10.60894350254069    0.01636017378990203      37146.59853385374
               10375000     -9.602962201572785    0.01614975572047678      40077.13778410459
               10375000     -11.23163778407544    0.01555447459149985      26055.90651462201
               10375000     -9.302059193899851    0.01651573565770561      44977.01543961328
               10375000     -12.17806814554959    0.01577849441163466      13806.62543290366
               10375000     -8.420098817942524    0.01699247405379812       53282.4072609939
               10375000     -8.873036886374939    0.01628605588959419      48505.50271747689
               10375000     -12.45480702336667    0.01569487463398511      10027.39128760261
               10375000     -11.55626741256578    0.01473695107913165      18851.43363387247
               10375000     -8.212132370884657     0.0163838586122802      58589.69679146422
               10375000     -11.09744414491235    0.01467154937995284       24545.2865841969
               10375000  -0.008763976559649351    0.01675033542343211      165088.4913742632
               10375000     -1.156430675198748    0.01753100049047682      189681.8643536575
               10375000    -0.1020498817269084    0.01711095119796757      197856.3752879632
               10375000    -0.8654783340125343    0.01776931062838037      189255.3278835431
               10375000     -9.053516552476806    0.01496467711654425      44061.94479923331
               10375000    -0.2280015038142588    0.01736982607950083      189426.2115434654
               10375000     -2.289100126721908    0.01570652466554623      165166.2560908945
               10375000      0.321697243450833    0.01576244211345245      168429.5539646861
               10375000      0.125262809359849    0.01609480673936063      169813.6339352253
               10375000     -1.881460193626046     0.0159080671960221      184237.8649369708
               10375000      -2.00305326422752    0.01534899414866898       164353.215408297
               10375000      -2.41342848624247    0.01486025881658279       153393.669620099
               10375000     -5.341727452653352    0.01410243011019309      106067.8597464715
               10375000     -10.28369526833213     0.0147113796484373      32631.14577838543
               10375000     -12.26970115245752    0.01555783259856908      13244.54585918988
               10375000     -8.134526182390372    0.01395678430702501      45663.16637579247
               10375000      -5.27887028903464    0.01334415726008211      87635.50630738396
               10375000     -5.218460693931786    0.01338798958956675      93665.04973364974
               10375000     -4.842974790657768     0.0136528525053742       85687.7264306139
               10375000     -4.449763886939023    0.01360921656302853      71216.21577529779
               10375000     -13.53082479701138    0.01749064502082394      3873.968250727272
               10375000     -8.623357283456421    0.01383056805710753      39246.69317767608
               10375000     -6.895949362567462    0.01303401505492405      62536.10968395386
               10375000     -4.781371487399409    0.01324899640057998      74670.76922394207
               10375000    -0.3503308585415395     0.0155272796669282      183654.1426813643
               10375000     -6.958625184199114    0.01291420623826486      62440.20438167208
               10375000     -13.61393163522692     0.0176729928666087      3151.739918998932
               10375000     -14.29327606881487    0.01901885338585864      1782.858556333955
               10375000     -14.53465962947455    0.01920394072388361       1298.71151598784
               10375000     -13.89183118749573    0.01838882779438974      2637.662001090882
               10375000     -13.45034735011468    0.01700291912816378      3605.351249110802
               10375000     -14.85464177853699    0.01966887445070626      751.2997406012852
               10375000     -13.37233029392183    0.01709677601895644      4146.570478002873
               10375000     -15.32245546183719    0.01942098713109844    0.00288440894633009
               10375000      -14.6165009975567     0.0195090757566121      1174.398515738721
               10375000     -12.74425556873188     0.0158879597403882      7788.557793310149
               10375000     -13.10657526323832    0.01643104144266631      5786.248550422513
               10375000     -14.06796964987594     0.0181336585473244       2164.33951026118
               10375000     -15.41873873541601    0.01748621601892129  0.0004242288567657925
               10375000     -15.38955214783466     0.0188655865060139  0.0004684254284001968
               10375000     -12.53319341810383    0.01540721642070834      9934.517753616632
               10375000     -14.77859059025717    0.01885284001381834      737.5255410239769
               10375000      -15.5525776720254    0.01539610115564767  4.454290788224022e-05
               10375000     -15.50390893895538    0.01935545129635981  8.172860546488433e-05
               10375000     -15.69832851391044    0.01855752150009908  1.179612333991477e-05
               10375000     -14.46247758532049    0.01788484344817339      1245.158325248449
               10375000     -15.09149543390606    0.01867249464730229      57.54082703096427
               10375000     -15.59094275275336    0.01833616681523837  2.406699087861787e-05
               10375000     -11.99518420664668    0.01476540164275316       14233.8916451008
               10375000     -12.95224332619097    0.01569754803766738      6240.156641383642
               10375000     -13.21222860409776    0.01553805205556335      4336.697202127175
               10375000     -15.24482406842621    0.01893726863100564    0.02005283212617113
               10375000     -11.48063706415198    0.01467315426679758      23295.99953563801
               10375000     -11.77816502035504    0.01479338127167959      20178.23861024918
               10375000     -10.04496987848503    0.01433482474517436       36029.6420642778
               10375000     -11.31286686431776    0.01395865024439977      23807.70841003303
               10375000     -10.52009358742425    0.01411670345263344      32444.15501973574
               10375000     -11.02253694865689    0.01393579365727394      27579.84210098715
               10375000     -10.79459410802209    0.01394247513882695      29472.68808149717
               10375000      -10.9624619496023    0.01347970596175819      23464.13503537564
               10375000     -10.45875863390768    0.01339044733995196      25767.01246469216
               10375000     -12.38534526214633    0.01352296541409015      8358.026057339357
               10375000     -14.22304392998905    0.01608974355538078       1175.06747119236
               10375000     -15.61243897088852    0.01801511094881433  1.218405235353505e-05
               10375000     -13.95834978375733    0.01510395573395737      1209.876098135252
               10375000     -8.555627151209254    0.01336246220694851      36877.14692322952
               10375000     -8.795692150320221     0.0132971989381232       35074.8951821662
               10375000       -8.2822224672722    0.01302829443238293      32954.94248151744
               10375000     -9.122905496293489    0.01303034783391729      31367.33177285713
               10375000     -5.730962966388859    0.01278235128983352      85882.02774115432
               10375000     -7.228816143999679    0.01277419783505056      52560.60836303173
               10375000      -7.90635229997817    0.01276355041886376      40292.76343855317
               10375000     -9.181609470567343    0.01261232175987517       27088.0651700517
               10375000     -9.380880524005621    0.01261866458013882      26743.16441561169
               10375000     -11.41840104055491    0.01255082486723784      14309.33340210133
               10375000     -5.671478961474918    0.01272462067596008      86781.31841522884
               10375000     -6.832356216305223    0.01272996466127903      62629.97597465538
               10375000     0.2028367321935702    0.01562617447482069      166141.9703691186
               10375000     0.8934563289332705    0.01506117772645363      175590.0484053665
               10375000     0.6920443212681541    0.01488732295249422      161416.1614896859
               10375000      1.379897421726164    0.01551217373668812      183047.9411642287
               10375000      1.988246993702484    0.01583154690983136      173153.3279646685
               10375000     0.9715850975237023    0.01552050972659861      213245.0631201184
               10375000      1.525270951593558     0.0152964005662972      163513.1979267969
               10375000      1.301415723446257     0.0153157109934315       189054.814802924
               10375000     0.7701652949219143    0.01548132584711306      209514.5455092531
               10375000       1.09958591359455    0.01541001289790879      202255.0105588808
               10375000      1.744918238004261    0.01540008268753662      158011.4573506268
               10375000      1.173742690200298    0.01514555543273312      184969.6646524887
               10375000      1.828979852648354    0.01540232052681276      174659.4519562189
               10375000      2.413443723297756    0.01523778997190366      226803.6871182405
               10375000      1.606664007191377    0.01542073770444723      182459.4324190633
               10375000     0.5729897238137669    0.01540403809930667       196641.920812094
               10375000      2.321961723308396    0.01546533743332234      207580.8635558164
               10375000     0.4972987250957256    0.01522354269459635      186159.6889228754
               10375000      2.120367897938902    0.01534588618796164      175612.6860336782
               10375000     0.3987085708084548    0.01532438384791595      185641.5904051293
               10375000    0.02410247926465061    0.01562384612348496      201386.0741093666
               10375000      1.955910349463507    0.01501230394430042      187170.8111325754
               10375000      1.410061968497841    0.01490787614426147      250278.7382097776
               10375000      2.697637716062629    0.01513151211401306      331678.0802790155
               10375000      3.523085916939432    0.01522551559294351      2094697.306931895
               10375000       4.65857458983759    0.01570521222172998      1077700.124249614
               10375000      4.836743332714328    0.01589916808080937      377704.9180283176
               10375000      5.238911448641438    0.01560030336836063     0.2374490327289919
               10375000       5.21144003919105    0.01496353574796645      2.397348950037163
               10375000      5.398553937284357    0.01483796668430836   0.001449724134313015
               10375000      5.328591958939996    0.01512589217353487   0.005225311753932317
               10375000       3.70458785776106    0.01508492491253048      2295935.009921404
               10375000      4.911178713504501    0.01559350772418041      209870.4142336941
               10375000      4.007360964374885    0.01528568601027485      2775124.564150944
               10375000      3.615697104926591     0.0152273416732925      2356127.308570815
               10375000      4.972061514378053    0.01483497923996942      96416.81588898112
               10375000      4.375087495081361    0.01526930126759665      2515561.539161224
               10375000      3.925246489073484    0.01532892554707265      2769198.757357311
               10375000      4.256168202577612    0.01523550903819891      2745687.464521315
               10375000      4.594250580315398    0.01471494348747921      1209727.894529414
               10375000      4.539315291351762    0.01443335562688105      1422809.145672235
               10375000      -3.16338840166456    0.01329915828015386      94046.59650415226
               10375000     -1.648602915758047    0.01392281809520657      135342.3830617786
               10375000    -0.5761763911149931     0.0146678500553614      145822.1928719699
               10375000     -1.487115241146063    0.01373959197687846      108983.8682193825
               10375000    -0.1979371754458084     0.0145164172967813      159478.1069381605
               10375000     -2.743137737522437    0.01315209968000066      105095.3176565859
               10375000     -1.429634544033695    0.01360301089994511      117478.8614663097
               10375000     -3.221465679359307    0.01301658788222725      80392.87385474936
               10375000     -1.814759302615437    0.01335250117932942      117689.7793618275
               10375000     -2.116777047526847    0.01316396733048901      108781.7910025179
               10375000    -0.4237656494885554    0.01424126801524276      132578.0933985915
               10375000     -1.039965804012836    0.01373343400117262      115990.3730903218
               10375000     -2.686632973962562      0.012983471466288      104185.5215893869
               10375000     -2.631300349630842    0.01300199421580135      103758.2493909782
               10375000     -3.332203811670079    0.01300689562326841      76393.74636894347
               10375000     -3.824970209907575    0.01291346769338545      59374.39975430223
               10375000     -2.896868928890949     0.0129619557481269      93355.41202521342
               10375000     -1.704959443636712    0.01297472005736678      95859.06818455196
               10375000    -0.7341590235179347    0.01341238273494814      75045.81238479346
               10375000     -1.758567314216367    0.01281798697999142      93959.92258957136
               10375000     -0.982439975058112     0.0132668542338019       101113.711531851
               10375000     -4.669887257143071    0.01265411159260245       63798.6038590562
               10375000     -3.608505331193539    0.01277035349573271      61631.60799665565
               10375000      -3.49981234917859    0.01271680530795993      62020.84354633203
               10375000     -3.389781941792876    0.01274854042266317      67909.98421337506
               10375000     -3.715784373261691    0.01259433168905711      53764.79332092757
               10375000     -3.992094025425078    0.01263143146271156      51684.07589064093
               10375000     -6.548898489945336    0.01251673715569051      65130.15875001482
               10375000     -4.903821443631641    0.01246332955326195      68081.20772185901
               10375000      -5.40376649473203    0.01257302327689509      80277.36902362731
               10375000     -2.170519064452375    0.01253359328218634        90446.002262896
               10375000     -3.882629411679906    0.01233602253088294      47604.32543592823
               10375000     -3.104416914766821    0.01250131073944592      76982.19514889421
               10375000     -4.560534951212177    0.01235649113047817      56378.36665367442
               10375000     -1.229439411192407    0.01291449802175646      98408.05909502847
               10375000     0.2931463765736815    0.01446166757601788      196596.0352723871
               10375000     -2.474393846091149    0.01248069880687728      95575.39631096387
               10375000     0.8644737107868746    0.01471528195414362       251383.202041003
               10375000      2.020400970110791    0.01502507831430991      186410.2333631799
               10375000      4.139273462922185    0.01458277193759646      2560760.667534146
               10375000      4.484452020179009    0.01410732499217732      1532873.150377071
               10375000       4.07888599684826    0.01464177480701253      2653511.176322083
               10375000      2.778266295436624    0.01509880801389048        581470.23933321
               10375000      2.542470491607746    0.01493382909613273      314220.6430166009
               10375000      2.190068251257828    0.01499974497943789      209020.7167409556
               10375000      3.784529873340059    0.01483419070484277      2585676.866761091
               10375000      3.848164860784318    0.01468627442599046       2519594.40826084
               10375000      3.061241589214637    0.01477115281747119      1147396.467591888
               10375000      2.995367559243284    0.01482884162354766      786304.8740591825
               10375000      3.150581221063681     0.0146788365090644      1263423.103337561
               10375000      2.606834332671783    0.01470558625449075      347342.0917802245
               10375000      3.278350038372596    0.01415957572902092      1250773.888814901
               10375000      3.213527869208864    0.01421823116090067      1239668.898464545
               10375000      2.876977402900447    0.01468760600933665      724305.1662897026
               10375000      2.441922192430364    0.01453938010197732      319763.2666710984
               10375000      1.715133895651276     0.0147732381233929       236528.494381984
               10375000      2.292662420159814    0.01463505163576343      260280.1342084185
               10375000      3.402003422833888    0.01400048318878994      1706323.408811513
               10375000      3.334065471259236    0.01399090389711051      1635274.923136065
               10375000      1.001899770937269      0.014474584913309      251028.1687708173
               10375000      1.202105523150984    0.01450129148586567      250056.3213915361
               10375000      1.070239326319069    0.01441336993372439      243103.2286432451
               10375000      1.272630273184607    0.01446123587913312      245715.4983065629
               10375000    -0.1286493715978773     0.0137230956856081      140442.7484135729
               10375000     0.6661348073214494    0.01417406229483823      215444.8078524803
               10375000      1.496278586690883     0.0146042067696047      246980.4568465667
               10375000      1.857391330647518    0.01439440294673288      239184.8289749374
               10375000       4.77414842236326    0.01428296732806126      420004.9873394447
               10375000      1.635855751898782    0.01429099735219454      214174.0049258193
               10375000     -1.589265346565342    0.01251575657989449      89180.79165026371
               10375000      3.453545991844762    0.01336330024592967      1258924.646974982
               10375000     0.6001590834463258    0.01391309499504601      190934.2492876175
               10375000     0.7978493045880829    0.01387192282142631      205047.2021837052
               10375000      2.931360465543354    0.01287783891226599      419217.6652953919
               10375000       4.43436786221812    0.01375211209370784      1540721.855572735
               10375000       4.31720022787907    0.01368397900477701      1848498.142492308
               10375000      2.674338611146831    0.01291211608676299      239335.3592659123
               10375000      4.198432092298543    0.01352719976837446      1901628.197585642
               10375000      2.390153891135752    0.01275952657094739      95761.82014287701
               10375000      3.546534414264412    0.01290959592692692      1368132.912578108
               10375000      5.424564771954535    0.01464291349013119  0.0005430075814638138
               10375000      5.448303560268915    0.01434863930770913  0.0002388461382432204
               10375000      4.684215633550569    0.01377291127261945      597714.3006633848
               10375000      5.488161210496824    0.01441310930089697   0.000157828527660746
               10375000    -0.7854660239417144    0.01283772273547228      84893.55306670953
               10375000   -0.03395916460575801     0.0131652758964111      70877.04739475316
               10375000     0.1000130746365976    0.01350123100557313      135157.3945345058
               10375000    -0.4764494554184301    0.01284536397765672      62090.45678122055
               10375000    -0.8407462567702174    0.01269493804515904      82154.82140994935
               10375000     0.4233228791014148    0.01327740291818154      148346.3999095883
               10375000       1.54896881375385    0.01311101759850743      75010.48793383125
               10375000     0.2278243106821559    0.01332276849134053      127870.2914278638
               10375000       2.21468997265823    0.01309542258850856      187132.7085151891
               10375000      1.931597532276592     0.0131748102574593      166631.6501922511
               10375000     0.7133464027719657    0.01294924569436407      78804.38314535478
               10375000     -2.528306005584445    0.01229471662056772      88000.30469672031
               10375000     -3.769313583809336    0.01220988813964539      49145.81524315182
               10375000     -3.276366552253581    0.01226080477669318      64199.79991267505
               10375000     -2.221830293831554    0.01225499602317569      90641.49445312402
               10375000     0.9153712628326471    0.01276642007009575      79620.46012270203
               10375000     -1.280161816216495    0.01219905853106029      63595.98425904856
               10375000     -3.936993581429562    0.01222521644316631      47779.18147587943
               10375000    -0.2934341735807252    0.01249035465938088      48363.46047775941
               10375000     0.3431683857624436    0.01256998500797786      62601.86887115324
               10375000     0.4765788142563903    0.01258588155524322      113903.9860821318
               10375000      5.269996135530484    0.01475092190356719    0.02279453721551566
               10375000      5.531448491216605     0.0130734838433037  5.261266120858013e-05
               10375000      1.766363458570283    0.01255920266146446      60804.83100527951
               10375000      5.470355898755577    0.01337118841714913  0.0001420282685132208
               10375000      0.516966259861676    0.01251682903001626      69628.53046133954
               10375000      5.571345243854686    0.01280451111100473  1.709636361930648e-05
               10375000      3.683577063845606     0.0125597491534896      1146015.775939479
               10375000      5.379297574921794    0.01323853789434924  0.0007276545698206847
               10375000      3.986100724242028    0.01272569678460537       1302019.20722537
               10375000      5.513368112011823    0.01239320511378862  7.176710136384319e-05
               10375000     0.1459656037689235      0.012372751858403      53389.18126300344
               10375000      2.096478656681076    0.01279297235716517      115754.6698684655
               10375000     -3.050646959867573    0.01220042376234983       69815.0314594571
               10375000     -4.341024499380117    0.01221256954164851       48422.5633037031
               10375000       4.85775223140709    0.01302793358435622      120950.1892998196
               10375000      5.550621331136213    0.01250417361616318  1.752230026168506e-05
               10375000    -0.6386969037097198    0.01234820562411516      66955.09783863001
               10375000      1.808683203235539    0.01238984436488665        57886.340391941
               10375000    -0.9321233101288046     0.0120524585764709      52582.22238882948
               10375000   -0.08080099874319954    0.01219206018244181      47369.81159050246
               10375000    -0.5232365029310164    0.01199737025477504      42597.23056565582
               10375000      1.431244612746756    0.01243003728647696       127321.732405934
               10375000      1.359038113091698    0.01228129558383088      53543.89340730825
               10375000      2.518942786813307    0.01260707198656037       210738.912284651
               10375000     -2.950763173518517    0.01214716291900369      74711.75670668752
               10375000     -2.579282201579377    0.01209879943779226      76598.13408416262
               10375000     -2.843866278719782    0.01208174823882334      72096.59228913957
               10375000      1.154515194171506    0.01210811885605767      52860.24026840102
               10375000      2.343441766806738    0.01225964512543164      68794.81889198396
               10375000      3.636254242442227    0.01234515465242748      961752.8043227298
               10375000      2.801154190625676    0.01259829682200057      400841.4246336477
               10375000      3.724711647551042    0.01230784268723017       1055874.34581621
               10375000      3.905183806870124    0.01228309728395795      992400.6184311298
               10375000      1.320278023456859    0.01192566521390889      41072.12842178655
               10375000      2.717699285288021    0.01207355750132257      118459.5668542757
               10375000      3.504128268435397    0.01196711320573009      581416.7486401425
               10375000     -3.553534294049015    0.01215491200257137      52664.36779295427
               10375000     -2.353678609849585    0.01211013712688398      77270.96785694687
               10375000     -3.445184133272606     0.0121495468189461      54529.68745192241
               10375000      4.025427154327338    0.01191433485610266      562122.0730920739
               10375000      3.942794534709716    0.01181173023009506      491658.1743287038
               10375000      3.131029744316719     0.0119939863401151      437904.5186274986
               10375000      3.596863513501021     0.0118785360027482      605610.1008841078
               10375000      2.759818878471946    0.01185860428236429      122154.2057993866
               10375000      3.081008967186146    0.01197234060573774       385150.097965578
               10375000    -0.6845495444881613    0.01171442940996136      32994.82362323733
               10375000      2.039853277662854    0.01184952772020429      51046.27284926736
               10375000    -0.2486121945745499    0.01171018990770179      28439.75535399007
               10375000      2.858127626369519      0.011803529272516      158778.5338387869
               10375000      2.138106015768581    0.01165023701446351       19538.0093270582
               10375000      1.117289456850183    0.01153846190221972      20978.76773106608
               10375000    -0.8869021773815619    0.01166402272665658        34421.308977635
               10375000     -1.135367716827808    0.01167406923950121      42631.71078430308
               10375000     -2.795856285007553    0.01196264752309713      70546.57149091001
               10375000      2.460432875676812    0.01181729875523953      44498.07669955006
               10375000       -1.0906395328498    0.01169417370847605       41484.7705210693
               10375000     -3.000231819813611    0.01197974400956441      66102.43845068994
               10375000     -6.769989052366355    0.01265072473076866       62613.0277419628
               10375000     -4.288141148819613    0.01212639430018077      45967.58812193543
               10375000     -1.539619749336779    0.01178098281953241      54316.48182263815
               10375000      -1.32756013249793    0.01177154750878684      45479.11478141142
               10375000     -1.943603634331982    0.01193025112809695        64483.230415381
               10375000     -6.111504127091558    0.01251873465703242      75952.83960496208
               10375000     -4.045686717704896    0.01208792483827491      44596.11870438509
               10375000     -1.373134022111576     0.0117806753110649        55307.453093198
               10375000     -4.724646901548527    0.01220057118005126      57219.65685476061
               10375000     -3.662732677409942    0.01208173018978377      45361.97928215508
               10375000     -5.158965031439871    0.01235107699481881      68772.89280630775
               10375000     -4.614901484975948    0.01219597936250784      52053.91044575148
               10375000     -5.461608602462554    0.01242896649474973      76209.49344069902
               10375000     -7.393797597520333    0.01250164420498801      45799.30288048639
               10375000     -5.999200465262664    0.01243787431919818      73841.51525389422
               10375000     -6.054873920212378    0.01241042143618781       71218.3351653112
               10375000     -5.943439553141149    0.01241517630431261      74013.45608222001
               10375000     -6.169056319818228    0.01238515156303543      72860.98078931335
               10375000     -6.330951272038623    0.01239613749078441      69583.72909318331
               10375000     -8.342054523027908    0.01240731600920426       32125.5755343021
               10375000     -7.170131172819938    0.01231870653798033      49568.27294757948
               10375000     -6.491817716470008    0.01239352597775252       59749.2478415144
               10375000     -6.712697429510768    0.01230536195606478      55777.33589104133
               10375000      -5.78777557876298    0.01235262653889076      71503.04224900987
               10375000     -4.506990279580881    0.01211035772261008      47808.05153146335
               10375000     -4.393047583700186    0.01206232287445496      45953.31420607666
               10375000     -5.008243105146954    0.01211859906073702      58780.36188167307
               10375000     -5.614410452131396     0.0123121866230973      73205.15844846558
               10375000     -6.386223980131791    0.01228677547403784      65214.90068111441
               10375000     -6.658404895139963    0.01233287930006008      56315.26055036437
               10375000     -7.848224167516588    0.01232055270750833      32405.18715420883
               10375000     -7.966782138355334    0.01236028565412328      33834.49467222548
               10375000     -4.957866547091148    0.01211245976310395      58434.01653146468
               10375000     -4.096138420921693    0.01196982183296472      39166.69100175985
               10375000     -6.223719860246834    0.01225156375448587      66112.60091902371
               10375000     -6.277152776723377    0.01230732333602466      64934.72973483871
               10375000     -5.888782342817557    0.01227571145121592      72439.02545353564
               10375000     -7.554234237593215    0.01222767323748318      37225.56370481041
               10375000     -5.106818012433766    0.01207635143474246      60759.79373042453
               10375000     -4.144031834589363    0.01195621804054199      38137.85452730927
               10375000     -5.563089371201994    0.01210461304265084      67126.53583576104
               10375000     -8.496093894348896    0.01234860144622659      26177.89502796929
               10375000     -8.074050073632405    0.01231782632764462      29779.69389864002
               10375000     -2.064603255080612     0.0119053994391626      72358.34773641801
               10375000     -4.237988202102168    0.01195674631929017      39576.68994946122
               10375000     -4.190738451659139    0.01190173300293263      38194.27139124434
               10375000     -12.15364441033166    0.01234229182708605      8595.835826096007
               10375000     -11.88604988743773    0.01235747527433088      10318.56866354754
               10375000     -12.33191689811468    0.01234419118469463       7201.63231630564
               10375000      -13.7264788164894    0.01209095029279494       918.856075323918
               10375000     -13.82200940900873     0.0119865033829253      834.8197428901809
               10375000     -10.85610627808982    0.01254862420523738      21307.00427907201
               10375000     -6.605041007829842    0.01225200458088858      60290.55143702628
               10375000      -7.33741457939318    0.01221503492343676      41016.60494167412
               10375000     -10.16311044245646    0.01239137390869939      21743.81557943566
               10375000     -11.67141368175451    0.01241716756731806      12156.93409631195
               10375000     -6.438534130585144    0.01219473864983213      59808.95415978647
               10375000     -5.057882219280271    0.01203554221578586      57430.08031371768
               10375000     -7.285685296202772    0.01223912133029045      41593.63202991451
               10375000     -7.501138054609609    0.01217172643098101      37461.98476607192
               10375000     -10.11069227248827    0.01251563969251858      24788.51138497798
               10375000     -10.68554054205415    0.01238287121007144      20378.84572439237
               10375000     -7.067397899242447    0.01218276039352001      42062.98152430278
               10375000      -5.51389853872118    0.01205925918611268      64437.55376760579
               10375000     -10.35163767540253    0.01256661104912368      24039.27724870131
               10375000     -7.015515906195749    0.01218793979948097      48598.08711549831
               10375000     -7.449404960101268    0.01221329977380989      36229.45337365831
               10375000     -5.838337358117601    0.01205857735993749      60830.40397051555
               10375000     -7.117492319445428     0.0121364283893034      42965.07014030467
               10375000     -8.737174483240283    0.01227861675923728      23619.28492248142
               10375000     -8.683711423623294    0.01228361319389784      24080.02075042386
               10375000     -12.10345401999425    0.01231035439665629      8910.298067925416
               10375000     -12.63788123131205    0.01232256791973067      4329.629820183348
               10375000     -12.85175585606401    0.01223982005505789      3228.615066881405
               10375000     -14.36135059233684    0.01185164081002621      242.8787342751662
               10375000     -14.12891609317599    0.01180786664864556      343.3110714744354
               10375000     -13.77443424246337    0.01190693062365865      694.8970313808035
               10375000     -12.20154722281961    0.01216725232143172      6901.520434576832
               10375000     -15.21899539954077    0.01196106080445053   0.006749010024529354
               10375000     -13.86914173448424    0.01189517044322048      558.8191918799957
               10375000     -14.31533118431434      0.011807652250283      219.5033532204841
               10375000     -13.04742487089962    0.01206531058271579      2163.143927564331
               10375000     -13.30908119673871     0.0119661135968703      1442.728300823144
               10375000     -11.93438407253403    0.01238265557749044      9851.956476313804
               10375000     -11.62215775784227    0.01222024415791896      11707.03771861601
               10375000     -11.83637192898418    0.01234410953774376      10134.93728937603
               10375000     -10.90773141721892    0.01241430182759864      17792.28841584958
               10375000     -13.67898104316853    0.01191658348156044        736.99409655878
               10375000     -9.826454125742185    0.01236368676423888      23782.86032147411
               10375000     -9.933598001452641    0.01234965725368575      21748.59547553733
               10375000     -7.698204593366044    0.01209860832110894      32060.01903796671
               10375000     -10.58317340371363    0.01243240214014824      22194.84257792555
               10375000     -11.25578527443933    0.01230808464533923      15942.58676372617
               10375000     -11.20737910874765    0.01228539207451916      14763.65238755293
               10375000     -10.63384674149843    0.01232584306124015      18806.36029536964
               10375000     -10.40444809962312    0.01234984775199715      19964.53305559096
               10375000     -10.21621704424504    0.01247758173743839      21517.74579983674
               10375000     -10.73671004358196    0.01242467611718225      19280.30843962322
               10375000     -9.775137842080181    0.01225647583940691       21471.0315406211
               10375000     -9.482893929328082    0.01225957612126718      22337.10387139817
               10375000     -12.47666971419179    0.01210270640297632      4872.035992604545
               10375000     -8.992542784240621    0.01223465506241753      22520.26394742258
               10375000     -9.677476725178344    0.01234560319710842      23477.15181988064
               10375000     -7.748848157462372    0.01201475707031291      30183.40808637493
               10375000     -8.940858543338216    0.01218996599666557      21746.23782995956
               10375000      -9.53357652369033    0.01218883970852359      21720.38478397554
               10375000     -9.882044755409929    0.01236636089083797      23933.34727487133
               10375000      -9.98500475345778    0.01232961062005631       20947.1433199934
               10375000     -8.020797565993707    0.01217069854415461      26587.41026677308
               10375000     -1.177619736981952    0.01164710622488404      42635.73303982538
               10375000     -7.649918145498827    0.01198131712621698      28698.13128090369
               10375000     -11.36805563407184    0.01227627018126502      13107.47400369274
               10375000     -7.797106886741476    0.01198993979343809      26268.28191634395
               10375000     -8.443622861670111    0.01202834017268368       21317.5873515284
               10375000     -13.59291573330637    0.01186030816273494      702.4798489502637
               10375000      -11.1604630859814    0.01216689740789862      13939.96037259011
               10375000     -9.235259579494764    0.01216150765246716      20065.32043376745
               10375000     -11.71956537978841    0.01221469890606472      10756.44194936559
               10375000     -12.05615579779597    0.01210615167698582      7055.274217175564
               10375000      -9.72678603482712    0.01208317409479188      17843.88599603682
               10375000     -9.625323270326009    0.01204606788216997      18391.02556153739
               10375000     -9.433353695394633    0.01205115230461253      18127.25910009079
               10375000     -9.581192327375216    0.01199047369635505      15943.41178509119
               10375000     -8.397020498193196    0.01199085241187579      22174.83907517905
               10375000     -11.57684741795353    0.01199211818325786      9474.784624638074
               10375000     -13.63485203935221     0.0118412812841983      680.8813351195954
               10375000     -12.68395847267247    0.01202128609259083      3579.470327898985
               10375000     -9.324842065088591    0.01207496200412234      18395.30352017747
               10375000     -7.603484182173124    0.01188651344587814       27320.3173067095
               10375000     -12.24707445245046    0.01210583617378409      5464.116256044351
               10375000     -11.53567932615047    0.01201758872213522      10135.21590509215
               10375000     -13.26559776292806    0.01190027061637945      1217.866036166226
               10375000     -12.80549343592971    0.01194511937967216      2616.358126351777
               10375000     -13.47214334423024    0.01185546880827095      783.9032121607439
               10375000     -13.35206193514774    0.01180362529373025      1012.974375803594
               10375000     -12.89655399687468    0.01191431761395577      2180.595326774788
               10375000     -12.43405289954154    0.01193692620265416      3982.513687480081
               10375000     -11.11642224068454    0.01187821897948814       9814.78138517681
               10375000     -11.07792730764653    0.01196003350764913      11792.77175909654
               10375000     -12.76410682691898    0.01185898095014798      2354.923940080769
               10375000     -12.01418561235234    0.01185917605422127      5191.983191042903
               10375000     -12.59252221986094    0.01180759561687536      2876.971841302319
               10375000     -12.55344791633464    0.01187573621393035      2927.857434920263
               10375000     -13.39269440586124    0.01184955896883696        870.53733179169
               10375000     -10.26466482280063    0.01185544444637412      10702.50853956309
               10375000     -9.281607733040165    0.01185869764952302      12389.10982816727
               10375000     -12.72571863205397    0.01173193145791453      1844.779980829394
               10375000      -8.89345895157785    0.01184661276983454      13566.91483990151
               10375000     -13.55139533976094    0.01185801131619736      438.7962936105144
               10375000     -11.97783275346499    0.01172259079366491      3471.302653616264
               10375000     -10.30117547190557    0.01174453660700651      7620.140697166483
               10375000     -11.46367537960057    0.01166595716399986      3637.181462367155
               10375000      -14.0083602026032    0.01175932534159725      146.6519926812478
               10375000     -14.96137806039765    0.01157571858324087      10.61509265764455
               10375000     -12.28705616059834    0.01163497986140579      1036.461084084317
               10375000     -13.12525533734621    0.01162093769797971      291.0361454224346
               10375000      -14.6388571128537     0.0116718647097419      20.04657726216967
               10375000     -8.852969093137384    0.01177204100386941      10944.77733841436
               10375000    0.04285421605538178    0.01157346736957597      17622.18390958942
               10375000     -8.191469708187267    0.01177192956344356      15482.38276630752
               10375000     -14.91892700853597    0.01139101134591516      9.124857324266465
               10375000     -13.16222219506221    0.01160959913677208      166.9451276665896
               10375000     -2.307960556545844    0.01145250559688466      28888.00529882362
               10375000     -2.270817813260786    0.01146366900134962      29935.14451754754
               10375000     -8.231103841574098    0.01149688423387483      6493.543066914393
               10375000     -14.67987448107131    0.01073056677924614     0.1719987852877002
               10375000     -10.06066766589928    0.01112092306913468      342.3204616389966
               10375000     -11.76242140469265    0.01094404025813714      16.42678306038744
               10375000      2.558889613033321    0.01052496796552995      24.72548333848751
               10375000      2.174100116441573    0.01056522534807712      48.45689746615038
               10375000      1.590575792118431    0.01050604675236789       13.3751894319099
               10375000      1.698329028486582     0.0105681949802989      61.96496297289518
               10375000     -1.898422789093396     0.0112235036295528      7415.575789309526
