#! FIELDS time ld1 sigma_ld1 height
#! SET action OPES_METAD_state
#! SET biasfactor                       8
#! SET epsilon   1.153581406617129e-07
#! SET kernel_cutoff       5.652472782993875
#! SET compression_threshold                       1
#! SET zed     0.03602028009872368
#! SET sum_weights       235056.1694005428
#! SET sum_weights2       894498.8454249342
#! SET counter  499982
#! SET adaptive_counter  125000000
#! SET sigma0_ld1      0.2576125761964729
#! SET av_cv_ld1       -8.45807708081316
#! SET av_M2_ld1       46333879.63388831
                 500000      3.104637765232896    0.06233684989022384      83456.62553192857
                 500000      3.572062188480171    0.04729787038021945      121703.4336849296
                 500000      2.830727461246298     0.0700286874789553      48061.79314413547
                 500000      3.367848477695385    0.05461543107681407      120470.2017996485
                 500000       2.48482547626857    0.07767837208446014      21808.52103765155
                 500000       1.23357400990785    0.07945341727018028       3616.14144847865
                 500000      1.677386493150082    0.08815576540722693      6808.918608038225
                 500000     0.6341573011746591    0.08028899698636438      3197.632353265326
                 500000     0.2629784857731701     0.0799616233040477       3838.66691200378
                 500000      1.900673805632529     0.0876081941444265      9319.119676666638
                 500000    -0.3885302429263589    0.06719160548815441      7338.335521341271
                 500000    -0.8172693485676883    0.05218023864214849      7969.363822145652
                 500000    0.06739782279374644    0.08049710870962544      4894.984034903017
                 500000      1.035618372035146    0.07764207338824772      3091.478959409936
                 500000      2.247399844610289    0.08199827985848451      15061.00862937456
                 500000       4.16828740047763    0.04554862109772312      60855.11128005973
                 500000      3.749182282380951    0.04771402792994078      118679.6562808303
                 500000      4.047899450153079    0.04482942298905707      76016.14376042123
                 500000    -0.6109138097712979    0.05734621726137522      7146.204593454782
                 500000      -2.50584227453185    0.03394955216137719      3355.185746237123
                 500000     -1.196764803859796    0.04405416310940362      7817.493624040671
                 500000     -1.617650039565235    0.03946905600058788        6707.0213612715
                 500000     -1.393046908821313     0.0422494399592825      7913.768663384987
                 500000     -2.252737645460948    0.03681108342087677      4465.135884495633
                 500000     -2.716445421258169    0.03251635871060243       2849.13563934149
                 500000     -2.922600667434357    0.03147378943441905      2233.893217159717
                 500000     -3.581896327160644    0.03185684583289979      1726.384103464554
                 500000     -2.034973702203416    0.03556187564973905      4615.602308380395
                 500000      3.880665068155524    0.04630773365917543      100951.4547576988
                 500000       4.51556185780509    0.04059542505736066      15299.71583048045
                 500000      1.454153427709439    0.08746491318524433      5423.201193550412
                 500000    -0.1646171990339156    0.07421147360724553      5911.607325420676
                 500000     0.8327883030496873    0.07643361159514819      3064.277629596403
                 500000     0.4507467221076771    0.07843436823589653      3277.654703278094
                 500000     -1.010661614073864    0.04673469023711078      7311.505089015394
                 500000      4.287394773021112    0.04347964051490665      39196.14530759802
                 500000      4.408145342245477    0.04193310205040324      25474.72656440622
                 500000     -1.844923396940892    0.03828332709427443      6410.350261740935
                 500000     -3.133418595302301    0.03209794155907315      2334.385863298861
                 500000     -3.361585459325069    0.03180889898221261      2079.496424268117
                 500000     -4.640381547792694    0.03169840372214781       1036.27130605043
                 500000     -4.874524827724269    0.03397845519195926      1050.669656920029
                 500000     -4.420997263443271    0.03216781412090195      1162.406159130414
                 500000     -3.797468704024492    0.03153585049589794      1606.194895975937
                 500000     -4.021678448407737    0.03155009996547817      1415.086189462628
                 500000     -4.211557995121883    0.03074507242792509      1147.120171809829
                 500000     -5.435652934935757    0.03502131487665066      697.9154514636436
                 500000      -6.58025315722033    0.03530068118554602      673.5335027637573
                 500000     -5.909917580006261     0.0358214218871053       572.182319596263
                 500000     -5.703504998982176    0.03401375238546062      637.2636373518015
                 500000     -5.187152889577676    0.03358822861084493      779.7465106072434
                 500000     -6.358375131477064    0.03352786227090974      555.6200615429362
                 500000     -7.721801356436928    0.03557744798669423      765.1428766714837
                 500000      -7.36091850474159    0.03582455213900936      764.3002410973861
                 500000     -7.940316612746757     0.0403179132398632      1137.601923379168
                 500000     -6.798796153609053     0.0361921848095204      755.8731366048747
                 500000     -6.991636952181768    0.03614255383718351      740.8408190329059
                 500000     -7.528954120775463     0.0364160644731199      762.8639909591172
                 500000     -9.349065612805139    0.04127919088743258      2041.486826947963
                 500000     -10.31881462746361    0.03808226495627047      1726.730728464266
                 500000     -8.172324266895748    0.04013522590596963      1216.288920547785
                 500000      -6.14076662308427    0.03432022347384681      560.1456855441901
                 500000     -7.198732364298627    0.03599046314466432      818.7257427534184
                 500000     -8.837323202025877     0.0416768186095916      1974.308032123281
                 500000     -8.380090559361074    0.04078389740221315      1389.147801490227
                 500000     -8.591082469867024    0.04015919630821842      1516.468389779525
                 500000      -9.08902674488418     0.0395759506391691      1910.817285671232
                 500000     -9.853684812070343    0.03557746754958516      1626.619241657216
                 500000     -10.08092218975711    0.03788731777613079      1878.214053165467
                 500000     -9.647840673831286    0.03673204739107835      1763.819152541758
                 500000      -11.7465495865168    0.03896818882500663      155.9774317385598
                 500000     -10.55353424737382    0.03940341931895153      1450.767678167055
                 500000     -10.82666389537897    0.03755513521099248      947.6885297052738
                 500000     -11.51580262689839    0.04036197055875442      335.1697031605689
                 500000     -11.28280410664872    0.03783480913487183      436.3070354138449
                 500000       -11.059867549109    0.03865672700705729      726.1274410500084
                 500000     -12.13241123818949    0.04108588753987732      52.14047819078529
                 500000     -12.49812099983921    0.04390037961291491      23.94749536066738
                 500000     -12.70827174607057    0.04583102006914733      13.67951908709463
                 500000     -13.13845776333898    0.04178394845447187      4.368427998255712
                 500000     -12.30254765571123    0.04302593868748803       37.0640895809674
                 500000     -13.49536946282274    0.04339581728075715      2.608920362807029
                 500000     -12.92424496629224    0.04288539163372278      7.487546239127328
                 500000     -13.85398967715231    0.04437319864505687      1.196053288313481
                 500000     -14.24945912387813    0.04866262445076601     0.6406548156798649
                 500000     -13.33675565466987    0.04459131662955514      3.659663356841156
                 500000     -14.49626135519549    0.04672686260891471     0.4011196771188512
                 500000     -13.65779517716147    0.04613340700838093      2.087863231840524
                 500000     -14.66047974125791    0.04610085861896474     0.1899686054021037
                 500000     -14.89855277730777    0.05080892891348542    0.07194995478730773
                 500000     -14.03776432652273    0.04760365203463854     0.7305942941004899
                 500000     -11.96314067192928    0.03824418181071578      86.16954970277723
                 500000      2.069870125864318    0.07333541604795138      8708.535105367448
                 500000      2.643456271452996    0.05672924753807847      21941.47491328686
                 500000     -2.383912484843409    0.03047519256661735      2446.119727491319
                 500000      4.624549061950868     0.0392106248972915      9055.612469606061
                 500000      4.883276394699877    0.03572727653233361      1180.471846660797
                 500000        4.7067451256345    0.03846004656065565      5007.580968378025
                 500000      4.807030147581538    0.03664038662521159      2319.212887673674
                 500000      4.952791671749007    0.03351519669117829      501.6343582896435
                 500000      2.959410485169959    0.04537374032134568      36084.54899376887
                 500000      3.245087877561671    0.04498862393455234      69312.30270222446
                 500000      5.010608432697502    0.03117027180920513      180.6663530770781
                 500000      5.060034584536933    0.02993010130440911      43.42343455624449
                 500000      3.478066399550415    0.04276586390231791       95259.1786577764
                 500000      3.659714306454048    0.04099440690894083      89569.42893182384
                 500000      3.964272315754002    0.03935615295283001      71889.50204622161
                 500000      2.366863552856926    0.03893877376639889      4630.579019870332
                 500000      2.733308767649212    0.03560827300941011      9236.843923812725
                 500000      1.789986087087549    0.03321449240991057      868.1391630049934
                 500000      1.340818171578922    0.03158127768401391      648.6236514075993
                 500000      3.024697863649132    0.03459389796997756      16995.00577265978
                 500000      3.817432829835332    0.03309149870420754      36405.84032496834
                 500000      3.184546756691522     0.0342249883503469      24845.21595948326
                 500000      4.347351695122978     0.0304046187210484      15808.15379145597
                 500000      3.303347082516181    0.03224440068578763      16733.34354283287
                 500000      5.102557943386235    0.02861826591312902      7.365234515244686
                 500000      4.228223150006119    0.03014770689405963      16731.50116663244
                 500000      4.109130605959381    0.03025454748565904      19946.49864711017
                 500000      2.575726527147161    0.03134333590600294      2386.778834272695
                 500000      2.156597015281809    0.03099497970847435      897.7594893995953
                 500000      1.569441768114447    0.03059677603292671      449.6153889082569
                 500000   -0.05339558005470568    0.03095431227986706      1224.727911334971
                 500000      1.134246206073115    0.02865324664406509      446.8998603968847
                 500000      3.428407442186596    0.02956061651499384      7531.671365144745
                 500000      5.171446243759474    0.02716575107482514      0.157769231483636
                 500000      5.137498747541529    0.02750803023068735      1.130994810655936
                 500000      5.210010934319647    0.02784881896154515     0.0058062131739144
                 500000      4.567699409066327    0.02931874950590464      4146.782168928057
                 500000      4.461832353546034    0.02904514718534979       6933.98980019585
                 500000      5.304471482754772     0.0272709608624088  6.859624781594332e-05
                 500000     0.9340120715830239    0.02952885880231518       523.356020393531
                 500000      2.908906726595312    0.02941987732547528      2098.972697303815
                 500000      5.252760313862558    0.02903460208922821  0.0002647881017439713
                 500000      4.754281636664703    0.02784857725830562      1086.220775629332
                 500000      5.380130448105473    0.02492900783362023  8.786742353013042e-06
                 500000     0.7361137094062271    0.02863452133728641      463.5378806608105
                 500000     -3.248308022646368    0.02970175466753291      1531.397585646708
                 500000     -3.025335129381665    0.02895725855744006      1469.923408553145
                 500000     -5.032661150955419    0.02907590645736831      541.2164211196614
                 500000      -3.69016131367306    0.02930760539960561      1161.284935885357
                 500000     -2.601848939508106    0.02979415771007992      1843.832951167985
                 500000     -3.472274711400479    0.02954558475886339      1210.465076653124
                 500000     -3.910220038310722    0.02976247837887986      1029.848688909875
                 500000     -4.752453550587253    0.02981002383184958      655.4715433787827
                 500000     -4.533953752114209    0.02972035719362637      750.8041346053889
                 500000     -4.312281127109569    0.02931933469810336      800.4232715516533
                 500000     -5.310190116556724     0.0302270572414853      447.3978044126025
                 500000     -2.821261117691222    0.02894304651811291      1568.392226422607
                 500000     -4.122789253553463    0.02884986725434868      807.6405043196811
                 500000     -2.143811317784262    0.02887241405948663      2144.698859996393
                 500000     -1.731563377182109     0.0289608856019945      2591.105225980447
                 500000     -3.303452658708188    0.03007817070355994      1585.734543440367
                 500000     -3.194165825355268    0.03024493124999546       1802.61085085473
                 500000     -3.419140582367401    0.03003430805543966      1582.304349867063
                 500000        -2.656416810604    0.03014730667861165      2135.141064977787
                 500000     -2.441738742608468    0.03072580630128345      2666.522825064815
                 500000     -3.075252461859819    0.02989719397504531      1797.173479893532
                 500000     -3.964363884689806    0.03030505891868307      1256.745193080818
                 500000      -2.32303064092562    0.03130391248758021      2940.708905265281
                 500000     -5.079950539489343    0.02884671714745092      524.8117658513571
                 500000     -1.917101424756739    0.03099593301842371      3537.584041362958
                 500000     -2.975757466669901    0.02920100298833266      1716.516791355936
                 500000     -3.740707232656442    0.02982987712325678      1240.899115703862
                 500000     -3.638329139656866    0.02967332976512014      1402.574870781926
                 500000     -2.869402447064486    0.02902900921788589        1744.7638440276
                 500000     -3.856248106721078    0.03029845946093297      1330.986182359677
                 500000     -2.774091234458512    0.02926139390088119      1810.777356940565
                 500000     -3.524783261522109     0.0297077052975104      1436.560554841791
                 500000     -5.584338156025668    0.02923217716581339      367.7954703006191
                 500000     -4.983628729243658    0.02930592826298797      565.9071157445821
                 500000     -4.480285654196314    0.03025976350794062      950.4972631467878
                 500000     -4.699130504643605    0.03002514746686541      803.7842394662374
                 500000     -5.252300253743265    0.03100695332732429      552.9555985711887
                 500000     -4.808913307610712    0.03055215132825331      822.5348405865678
                 500000     -4.265106395707392    0.02917872363602966      877.7310873960637
                 500000     -4.363337547468705    0.02968237040977296      948.9298126931471
                 500000     -1.514858689897278    0.02888736655826415      2952.606937271622
                 500000    -0.4955029592678852    0.03090270311139006      2255.719635082701
                 500000     -0.708593294377869    0.03043055277967784      2486.806736444119
                 500000    -0.9080728919394114    0.03033115842361389      3352.890010515574
                 500000     -1.117087492704943    0.03075068109039758      3809.725128617703
                 500000     -1.309117096078252     0.0304406849408224      3719.306301241616
                 500000     -5.538534900663881     0.0285519788823285      357.2041383779606
                 500000     -6.027897371941292    0.02943583607855262      293.7605486995117
                 500000     -5.370428973946209    0.03102131031769283      529.8482520688187
                 500000     -5.636672174150041    0.03037477302348688      452.6121560996434
                 500000     -6.251942853047676    0.02918210895733545       312.709878192652
                 500000     -9.509462004744911    0.02965706636042809      1010.493429588116
                 500000     -5.816927374174881     0.0293577114620934      327.7929294614731
                 500000     -6.464027508420062    0.02899704973543787      342.6367136488486
                 500000    -0.2708430989270598    0.03034833193676239      1549.931161430395
                 500000       -4.5854937373072    0.02956409526085678      764.7958087949913
                 500000     -2.094700790759529    0.02946157213488996      2731.441863782817
                 500000     -1.681897867482396     0.0295361324401652      3247.184121088705
                 500000     -1.972697300376755    0.02957436809998832       2916.12087981151
                 500000     -1.466859022098485    0.02991877613946194      3593.744311715721
                 500000     -4.074047144040128    0.02938762726320503      1012.918789970585
                 500000      -4.93459730063811    0.02950880328475149      645.2228576265848
                 500000     -2.191415191458333    0.02912555038513204      2338.525324420792
                 500000     -4.166010519774924    0.02845928315519624      836.5888267704808
                 500000     -5.975292582639209    0.03056093300290197      366.8038305252871
                 500000     -5.128918329845836    0.02925613156821012      540.9860013133145
                 500000      -1.78044671779182    0.02950167771064267      2901.150584677508
                 500000     -1.560928998652155    0.02870895002614606      2817.669897821173
                 500000     -1.259975520646621     0.0290319470732316      2672.840568726132
                 500000     -2.555983342854522    0.02837634211630326      1498.860025202279
                 500000     -1.073568635488853    0.02815592411932543      2044.103029382088
                 500000    -0.9514718858220925    0.02839061889768643      1993.220606839426
                 500000     -6.684488140427352    0.02868335539409301      319.3902075115313
                 500000     -5.763568185188409    0.02968882961037507      345.8830670416514
                 500000     -6.201130954777462    0.02969823207275304      369.5946610766925
                 500000     -6.868866985508998    0.03099368645585979      471.4172600229798
                 500000     -7.090437371251288    0.02881695817243721      388.1897351951096
                 500000     -6.516134395999053    0.02999188066111272      363.2909967326772
                 500000     -6.414323822829326    0.02930038541631666      361.2406140886926
                 500000      -6.07996802901688    0.02947917960987815      352.4972491820479
                 500000     -5.493415875815223    0.02884262171933821      354.5603493934747
                 500000     -7.818251092052027     0.0289361423752633      435.7137936410602
                 500000     -6.301488028288945    0.02916345450588097      305.1970038107845
                 500000     -6.733609566792062    0.02969393726176065      406.5364650193628
                 500000     -6.637504122638905    0.02915729184620702      368.2370922620862
                 500000      -7.42645075110899    0.03005618812226336      464.0542946418562
                 500000     -7.264859987041007    0.02971235149593553      491.2955818244987
                 500000     -6.926413751569223    0.02997493886266075      430.6875200918123
                 500000     -7.625981943022652    0.02869166887978244      402.5981055817795
                 500000     -8.044668268059977    0.02944915023408472      459.3307300877283
                 500000     -8.708878650627666    0.02915251259885686      693.6342017708835
                 500000     -7.138393640180537     0.0293216326683932      411.3271363396229
                 500000     -8.459112351315401    0.03065242582226409      685.3130125104216
                 500000     -5.859467995219047    0.02798903114211113      261.3936482102303
                 500000     -7.870354641072926    0.03012446097725598      529.6618117174563
                 500000    -0.7496290607680096    0.02873175304485276       1308.41895579558
                 500000    -0.5420374265124643    0.02839363966122573      1096.793056773317
                 500000     0.1684805409781077    0.02901807282273692       403.183446868466
                 500000     0.3634309247092446    0.02856673405646815      222.3140582783732
                 500000       0.54030061265139    0.02919120594033006      128.3450673329458
                 500000    -0.3107210208057579    0.02821299211570491      404.2297239783693
                 500000     -8.249792089989416    0.03137575499437376      668.1207756504119
                 500000     -8.966107314556416    0.02913352254977319      798.8156145229268
                 500000     -7.045860312550431    0.02854124736859955      364.9127938111517
                 500000     -9.211018883890564    0.02975489781531251      863.4151818794503
                 500000    -0.6709080251435467    0.02763104427030212      413.7208045672832
                 500000     -1.344651004502796    0.02731158964154391      786.4675787679091
                 500000    -0.8697571976859028    0.02695898195217541      122.5117825048818
                 500000    -0.4630132521772987    0.02575401202378257      16.15210385419118
                 500000     -15.11332767673919    0.02913170254326318  0.0007330502834423283
                 500000     -10.71023066996665     0.0292753356845973      511.6590212037042
                 500000     -13.03209229563895    0.02910886842415854      2.640381599756053
                 500000     -12.61865886662919     0.0299805095978713       6.44271039574044
                 500000     -12.82818135169156    0.02937234179294705      3.770818252165296
                 500000     -11.64804557927696    0.02941011096287563      98.73499594679396
                 500000     -13.23894788355198    0.02986826210675827      1.659667055642428
                 500000     -11.86424179157536    0.02904535858140983      51.10142726385286
                 500000     -15.06791784151106    0.02930876207506826   0.002162145099962102
                 500000      -12.4178802004611    0.03093553839959394      13.03352934018816
                 500000     -13.93122932777418    0.03056840500221483      0.463422018363039
                 500000     -14.38856069299979    0.02916465486829795     0.1315732849820319
                 500000     -13.74677020691296    0.03083794742616664     0.6664641361784478
                 500000     -8.099123633082694    0.03059840291966777       569.144079257017
                 500000     -10.93452592791185    0.02922237933509788      372.9174795835281
                 500000     -9.958436390972228    0.02905399291916518      999.2875320398872
                 500000     -11.39379254903967    0.02880887562612497      146.1467397538427
                 500000     -11.18576451646845    0.02916545374561261      270.5846872074897
                 500000     -7.473482225125879    0.02840448580467225      372.4974387000813
                 500000     -10.18926552670486    0.02956342363544417      907.8052562591375
                 500000     -9.563145150179933    0.03005779762297751      1100.457434630616
                 500000     -8.761327929538277    0.03035661926185063      910.5678831969866
                 500000     -9.457237047758941     0.0290822045208151      993.9722283398308
                 500000     -12.22795675202441    0.03059083252835772       23.5393634687158
                 500000     -12.03276901343531    0.02995363157152178      40.15607022116743
                 500000     -9.751670526339728    0.02860920028077068      807.1338523808288
                 500000     -11.59293813085416    0.03026461231624829      137.9493512420082
                 500000     -10.66024301183859    0.02899218325417716      596.0544796404013
                 500000     -10.43396773597402    0.02922328301218306      634.7791970631393
                 500000     -9.018886633294738     0.0301422181575062      979.3551237566705
                 500000     -8.912741284604147    0.02992791451570362      967.2113629036066
                 500000     -8.518725527827121     0.0303906185344502      682.7663076064924
                 500000     -10.24577857142574     0.0308150391133094       1154.18589870421
                 500000     -7.582139897978138     0.0283740771463186      408.0625364680097
                 500000     -7.775061002469944    0.02843549260386114      393.4404087123831
                 500000     -9.262836392511906    0.02930711739314649      988.0476757349207
                 500000     -7.670164107328261    0.02854848831276858      408.0895420630771
                 500000     -8.659959755238104    0.02941142276934375      696.2396736655048
                 500000      -8.31063325706589    0.02953690018033729      581.4559300149127
                 500000     -10.01235487820321    0.03045530147599027      1064.161466509444
                 500000     -11.44428378646973    0.02958730095055366       172.722429851755
                 500000     -11.13244460418416    0.03081299858565848      352.4761787676409
                 500000     -10.98781404284979    0.02998959894741269      446.5148708372919
                 500000     -11.81192296700005    0.02983851779303308      66.02610397564813
                 500000     -13.41729572563792    0.03191890976937264      1.484188222387915
                 500000     -14.33492912164962    0.03084591954486337     0.2369340217518118
                 500000      -14.1506477554991    0.02916164641232048     0.2227982226957559
                 500000     -13.57474499839041    0.03107737542875863     0.9367802363297932
                 500000     -12.78074564676178    0.02949449757556604      4.924176600809395
                 500000     -10.76152313238123    0.02965165442220958      516.8535155222806
                 500000     -15.02084952901552    0.02918679436830491   0.006579739550352956
                 500000     -14.81352058078871    0.03072881240587786    0.04355924267630529
                 500000     -12.98758428602744    0.02862522079283796      2.629215481471019
                 500000     -13.07678507115968    0.02876473234752749      2.128996333457791
                 500000     -12.56878254258588    0.02898363079067607      7.586671814273704
                 500000     -14.75487949669729    0.03101696034784018    0.06060438390972529
                 500000     -14.10729872142777    0.02872412160731714     0.2585932071918642
                 500000     -14.58128591892432    0.03103889924075676     0.1285099077492466
                 500000     -13.19579741840316    0.02826674058682919       1.20271639811955
                 500000     -9.157912537539447    0.02951924313369297      898.2354159605475
                 500000     -7.308317930073716    0.02785116208461558      314.8180870983579
                 500000     -11.34533115069034    0.02924150955232244      197.0445744771775
                 500000     -10.48549525963208    0.02989528860279272      741.6898683907258
                 500000     -9.908957039046358    0.02881813050401275      1003.227433985256
                 500000      -7.99833384390687    0.02797052685423561      375.1553036985686
                 500000     -9.705149922999066    0.02892784396453704      988.8367165922903
                 500000     -9.798218123027183     0.0288090788483152      883.1088800926067
                 500000     -10.38302742366188    0.02965860898594803      808.3074995524905
                 500000     -9.413106769774565    0.02865812032645765      942.1684214453209
                 500000     -13.79282121542284    0.02817617144915262     0.3560549669707193
                 500000     -12.36645366865438    0.02849436356866993      11.34731375517273
                 500000     -15.16291788526594      0.028026803288138  0.0002441016693000809
                 500000     -15.20125176156303    0.02723369630640795  0.0001519465782553072
                 500000     -13.97590685558328     0.0282981912286852     0.2031177039643277
                 500000      -14.9722007518153    0.02897946683656675    0.01414466769502463
                 500000     -13.27798698902665    0.02771051180830158     0.8438511881151679
                 500000     -15.29136446832856      0.026556823361176  3.461873181863615e-05
                 500000     -15.25161071290537    0.02782364293903058  8.137126400232693e-05
                 500000     -15.35415744106553    0.02820569975413029  2.584101515421861e-05
                 500000     -14.43296964435694    0.02829939084077545    0.09025238125543329
                 500000     -12.86804681690497    0.02791265623991949      2.022315887942451
                 500000     -14.18991773126328    0.02717053861488081    0.08004845877012937
                 500000     -14.71269887556364    0.02809126128779532    0.02689639311306007
                 500000     -11.90963832568502    0.02796760399987151      38.40456640209292
                 500000     -10.88639934888548    0.02883366280526209      435.9254567485192
                 500000     -15.44614282156471    0.02565118686307439  8.534950677443865e-06
                 500000     -13.70592471928477    0.02753549855247119    0.09775409033145534
                 500000     -14.61414710771963    0.02568192092936288  0.0009204151942711082
                 500000       -12.077249663121    0.02794139020449837      20.16497090802741
                 500000     -12.65560729784061    0.02713850489917587      1.973394139883662
                 500000     -10.13986139562078    0.02872545070910468      846.7994534430009
                 500000     -11.69274877851612    0.02820724346617325      58.29915726031125
                 500000     -10.61313514710094    0.02857436398721247      644.0377130347729
                 500000     -9.601035563403476    0.02730076468158471      559.3132626332826
                 500000     -11.22761609081107    0.02761695453524082       168.964320877727
                 500000     -9.300573851802501    0.02742701921951163      473.5191969127496
                 500000     -12.18246756638938    0.02780048306051438      12.70574011178775
                 500000     -11.01866295598373    0.02517957908876366      1.114815522700594
                 500000     -8.422511366334591    0.02683411685433632      102.7391924462682
                 500000     -8.794685667867554     0.0251066296525268      2.481221509214636
