#! FIELDS time ld1 sigma_ld1 height
#! SET action OPES_METAD_state
#! SET biasfactor                       8
#! SET epsilon   1.153581406617129e-07
#! SET kernel_cutoff       5.652472782993875
#! SET compression_threshold                       1
#! SET zed     0.04631520313513841
#! SET sum_weights       2523656.714598439
#! SET sum_weights2       9657158.710269153
#! SET counter  1999982
#! SET adaptive_counter  500000000
#! SET sigma0_ld1      0.2576125761964729
#! SET av_cv_ld1       4.540799598685649
#! SET av_M2_ld1       142993358.9734952
                2000000      3.105803742833811    0.03018350377864835      935914.3317032144
                2000000      3.571874775256883    0.02592240157625855      1333039.159569683
                2000000       2.83075272122921    0.03255994389856997      605141.2885782365
                2000000      3.367977764597283    0.02814450189399923      1153779.577112964
                2000000      2.487843482438798    0.03494005685942361      282979.3589540177
                2000000      1.237591642485272     0.0312067388494058       80151.0798077511
                2000000      1.673214645834872    0.03600822754417064      115480.8272273866
                2000000     0.6315415473908674     0.0305996024076794      85179.33465264633
                2000000     0.2561602075570089     0.0311168230844382       100622.494303165
                2000000      1.899474715296951    0.03720267403392982      141900.6601041189
                2000000    -0.3905714227930003    0.03016474384113796      149174.0821560663
                2000000    -0.8134279790181718    0.02730753473808959      156755.3279325695
                2000000    0.06970938863348328    0.03174609948965681       123306.644829338
                2000000       1.03660784866546    0.02981489680039322      76475.91102841661
                2000000      2.247449919151312    0.03652473796150719      197953.6771660512
                2000000      4.172918136842623     0.0242251910317404       935591.404301693
                2000000      3.747925414220481      0.025446372043878      1319953.462169899
                2000000      4.046386946752368    0.02389668308500737      1029493.483416608
                2000000    -0.6108738649751646    0.02805091402276161      147820.9980087399
                2000000     -2.501673760043816    0.02486669606397331      59868.89624107819
                2000000     -1.202624256080589    0.02575282451980824      127339.2663930987
                2000000     -1.617018000864627    0.02558305289990407      111421.4142300068
                2000000     -1.398946949115975    0.02635235636340313      128376.2169760532
                2000000     -2.247571485108903    0.02512571853664648      68889.46936467542
                2000000      -2.71479604646822    0.02470161225925533      45662.93828919362
                2000000     -2.924626310872515    0.02403801789231217       42241.2455970987
                2000000     -3.580152620773234    0.02521322083434082      33027.51782830749
                2000000     -2.039624883694283    0.02485210250215124      75158.81429905283
                2000000      3.882195628254429    0.02467131032327352      1171098.106278962
                2000000      4.511284758837497    0.02184518460802082      321062.3011121366
                2000000      1.458075312525891    0.03439347141804429      109718.5193644093
                2000000    -0.1619514767191917    0.03108116887713783      139252.6348455754
                2000000     0.8264422844444316    0.02948477614743145      79366.69475421503
                2000000     0.4495211553614241    0.02980079133413685       91278.3165844022
                2000000     -1.010407803992395    0.02635420587523963      134301.3482022054
                2000000      4.292598673552503    0.02307311249571363      732025.4302613653
                2000000      4.410596350581298    0.02241630382713379      497690.7339401294
                2000000     -1.842748424377569    0.02548546640924356      87988.30561660598
                2000000     -3.131975295527231      0.025321947295231      39517.98819305897
                2000000     -3.361765137770865    0.02522983276297572      34766.95775747577
                2000000     -4.641015959988115    0.02549015973750119        25643.524715737
                2000000     -4.875309343033708    0.02683295291007036      26661.39952482041
                2000000     -4.418962590433334    0.02547463712884261      25521.04416443865
                2000000     -3.796426725061644    0.02543800998482627      29611.11622947685
                2000000     -4.020033438791949    0.02508869279226604      26909.29585319251
                2000000     -4.214487018176676    0.02412491642043524      23725.46712081731
                2000000     -5.433385178090272    0.02719721590643163      25631.14794256955
                2000000     -6.577239529507602    0.02730295368734936      22331.51790551765
                2000000      -5.91535789847868    0.02669740936102883      22729.23346918217
                2000000     -5.701287428827905    0.02750513156899507      25110.31841647872
                2000000     -5.187004612966593    0.02663085059100585      26117.00781315127
                2000000     -6.359052811199612    0.02698203380114893       21043.6477480147
                2000000     -7.724018204644865    0.02645017552629285      16925.44254971715
                2000000      -7.36508630761957    0.02757878378700799      17903.85356671034
                2000000     -7.937417167020848    0.02841367017947684      20841.39526505475
                2000000      -6.80111570806179    0.02920418560225695      22173.75580425856
                2000000     -6.989160557007915    0.02753354005012465      19652.46199843947
                2000000     -7.527583027470825    0.02691340175861164      17732.46763478878
                2000000     -9.351183743957856    0.02928279158656489      13409.68929051216
                2000000     -10.32335567796229    0.02837782185330075      9491.848698303966
                2000000     -8.167732070297911    0.02847155425030897      18929.65814707442
                2000000     -6.140764996743097    0.02734251862961479      23852.42886616745
                2000000      -7.19870977395805    0.02811742479420346      18577.90707737408
                2000000     -8.828864043189675    0.02980843662508535      16729.92527703538
                2000000     -8.370943991670487    0.02832573460313018      18556.16785178349
                2000000     -8.589239010999464    0.02965404745677271      19798.05967595176
                2000000     -9.091518178590496     0.0293440963957829      14375.25561366446
                2000000     -9.854331959903341     0.0274441116690376      10240.97514564078
                2000000     -10.08164416442317    0.02863174909445329      10358.07717755057
                2000000     -9.650341134789912    0.02744944191885989      10990.08805271253
                2000000     -11.74299268910775    0.02426207736147249      3680.264212767881
                2000000      -10.5552748198489    0.02876006809463745      8817.689558376569
                2000000     -10.82850192586021    0.02731351352089685      7125.168507158122
                2000000     -11.51478607957204    0.02506453997072034      4356.399750825445
                2000000      -11.2808127116219    0.02572265635933317      5069.983643171607
                2000000     -11.05572163727565     0.0268789994533683      5737.061228514353
                2000000     -12.12836717585584    0.02437507259092516      3206.039786513535
                2000000     -12.49814843524457    0.02254827923420712      2260.591273936278
                2000000       -12.705872216476     0.0224238290157431      2241.592430358264
                2000000     -13.14392879554896    0.02178734739933465      1481.191103009645
                2000000     -12.30884378978307     0.0236084005790362      2690.981178554545
                2000000     -13.49254723125602     0.0217993672378457      1239.862090747193
                2000000     -12.91842749148478    0.02200817171139042      1685.529169680712
                2000000     -13.84588324332892    0.02267278505564806      1238.541205156858
                2000000     -14.25226201029299    0.02184303963773342      985.3589844650162
                2000000     -13.33102456582413    0.02240182667868515      1567.958537653397
                2000000     -14.49546527015812    0.02091919576636615      714.8234795384545
                2000000     -13.65659010997132    0.02220947929953868      1399.405559453686
                2000000     -14.65994206684944    0.02210119768223403      714.5532531480924
                2000000     -14.89746980235883    0.02205189899722331      504.5785774199474
                2000000     -14.02880948291957    0.02190674338249226      1101.206088558237
                2000000      -11.9583007314819    0.02367551466751549       3024.14581742372
                2000000      2.066797103219133    0.03324306308377012      119505.6567438807
                2000000      2.646251256907702      0.028436285206107       263050.486359751
                2000000     -2.378348318988996    0.02367413930198315      50033.22167499942
                2000000        4.6235704851813    0.02158640332804224      204637.0310037882
                2000000      4.879767158622803    0.02085759484067204      32447.47969712173
                2000000      4.706617726817196    0.02177330182203738      146571.6999618873
                2000000      4.800981103986364    0.02161201286235447      71850.06554128377
                2000000      4.946322754423058    0.02022941710181439      16514.43191792267
                2000000      2.956966492529547    0.02497585722041642      410453.3329125381
                2000000      3.245711583807455    0.02469267079418605       667511.420477079
                2000000      5.001800259126403     0.0200225675758795       8608.55396241667
                2000000      5.040001367825163    0.02003009845508575      4039.121273216294
                2000000      3.480638596623713    0.02449711638693475      992098.7531912175
                2000000      3.659743619818075    0.02355404847910059      1062406.018562752
                2000000      3.963896593317227     0.0223675555200908       961171.608350256
                2000000      2.366954509197312    0.02253468426335169      85238.66130778682
                2000000      2.738196342545086    0.02113670208093828      176858.3206751431
                2000000      1.787357546969877    0.02020697217873104      34153.81141372382
                2000000      1.340225558028317    0.01971095997754148      26813.20905953895
                2000000      3.027984308786276    0.01999508129409747      335953.1904008659
                2000000       3.81687529356231    0.01975065251846262      691681.3798720445
                2000000      3.183494966259252    0.02015436405984317      458643.9746501277
                2000000      4.341200985679079    0.01985606137327316      488222.5635132366
                2000000      3.306247149667975    0.01883352137591995      494781.2392457154
                2000000       5.07563633743268     0.0195160907293092       1184.26567513147
                2000000      4.221662557448897      0.019752449650562      577850.5725380551
                2000000      4.109039248118735    0.01918241075921981      563360.3329281753
                2000000      2.575208291683908    0.01870583386998321      93440.93088829255
                2000000      2.155876315509173      0.019453855307321      47182.77909891403
                2000000      1.569927178336179    0.02000055894732608      28436.00881306612
                2000000   -0.05690941735336412    0.02177646738463054      50162.89301683684
                2000000      1.136494954669436    0.01926600098812818      26623.08782236529
                2000000      3.429458183911367    0.01822551601648079      549120.4151758931
                2000000      5.140919016493907    0.01861653514637595      42.02665978517162
                2000000      5.109430169660153    0.01899681658389121      252.7564952823994
                2000000        5.1708674959657    0.01857325930454377      5.613194694562295
                2000000      4.566371532406605    0.01898017706102953      178389.3284827408
                2000000      4.458313350688138    0.01964356899520464       332418.825203212
                2000000      5.303438921007787    0.01941507367899375   0.001019870963268619
                2000000     0.9345542129258145    0.01978414843295104      25621.72639816587
                2000000      2.908702875437556    0.01844673664991083       229572.336816079
                2000000      5.201472898944727    0.01857382436646064     0.6052404280847353
                2000000      4.751330197433196    0.02021870532700464      87669.49340968658
                2000000      5.367014619055986    0.01995124116448518   0.000168558849048876
                2000000     0.7327166562462524     0.0196187734374667      27027.04119299031
                2000000     -3.250249659932341    0.02452362358092778      35508.33279217169
                2000000     -3.025052568854976    0.02381482747844831      37908.67547676279
                2000000     -5.033172269059591    0.02484420016002829      21552.74847178627
                2000000     -3.688944905045585    0.02458619564821886      26637.97593321629
                2000000     -2.603578088002156    0.02335296458888278      45434.83510469179
                2000000     -3.471569228046779    0.02464625531436372      30400.93787701123
                2000000     -3.909967208163608    0.02504308163597121      25879.38196294221
                2000000     -4.750956646732927    0.02558881337885581      23385.94706549075
                2000000     -4.533167258995445    0.02527476246985577      24469.72537265797
                2000000     -4.314219401624426    0.02454512342612686      23068.13091902557
                2000000     -5.309346771145623    0.02594692776112792      19955.58332435703
                2000000      -2.82014241462082    0.02337347497336012      40998.72816328161
                2000000     -4.120018565438649    0.02400140629456221      22351.43466039312
                2000000     -2.144538321434417    0.02318946268692363      56642.91903911921
                2000000     -1.731860260506383    0.02342989357923087      77502.05846566822
                2000000     -3.303034265275128    0.02482476915893306      35524.38534329433
                2000000     -3.193116552406389    0.02456041058774416      35808.69302200877
                2000000     -3.418420502058327    0.02487832306426787       34179.3469544878
                2000000     -2.658576908406893    0.02404647164646675      46378.53366912809
                2000000     -2.448238628086672    0.02384559340864886      52635.31367252402
                2000000     -3.077211924689381    0.02453906976047174      39788.49969255493
                2000000     -3.963949046904519     0.0249861648800747      28060.19318082545
                2000000     -2.329013393879354    0.02380958220390943      56477.87831887088
                2000000     -5.082159524410534    0.02456123909082934      22514.70773196296
                2000000     -1.919469285058969    0.02351456016577568      70448.02876799407
                2000000      -2.97553679605298    0.02368549373610327      40166.84107344923
                2000000     -3.743287442859102    0.02485502303388853      28487.12829380829
                2000000     -3.636992686594877    0.02479654400440045       28495.0630713599
                2000000     -2.869084407201359    0.02359262709924284      39734.24913232052
                2000000     -3.855395701983411    0.02523376055319163       28048.9927602215
                2000000     -2.771631311865352    0.02350162414014581      42446.74562035133
                2000000     -3.526956448685624    0.02483759773111761      30293.06124025846
                2000000     -5.587951771911494    0.02535757511166712      21099.63997144663
                2000000     -4.982861254479401    0.02501496403501047      22514.39948775782
                2000000     -4.480909471446556    0.02516981221304342      23662.59056038964
                2000000     -4.697893698920634    0.02545310050482286      25736.92669209024
                2000000     -5.249068803671463    0.02658471662712128       21925.4671330433
                2000000     -4.811034444631261    0.02598428637940002      22253.03736984517
                2000000     -4.263077491209014     0.0244750985346631      25001.69799590479
                2000000     -4.366660130702792    0.02480142979058403      24390.36530677133
                2000000     -1.515476090112743    0.02308117016634173      81818.48891732136
                2000000    -0.4997542395651535    0.02256536636069134        73828.896329985
                2000000    -0.7085325998629024    0.02235039436869575      72999.10155663246
                2000000     -0.909147896948195    0.02246151700369598      82173.04011862222
                2000000      -1.11324783483602    0.02236665627275067      79907.94712732863
                2000000     -1.303454867772267    0.02271895084750266      85974.20698824388
                2000000     -5.538226035199669    0.02510490078983161      19894.87666275831
                2000000     -6.027371774525916    0.02642798784577161      20172.70692964457
                2000000     -5.375036263728587    0.02636740651861906      23302.10727794354
                2000000     -5.641812321653878    0.02658958883646509      23718.07113947815
                2000000     -6.250128686269804     0.0262702829765682      18728.67053271096
                2000000     -9.508283942154478    0.02523470939746286      9018.626090904967
                2000000     -5.813718703949838    0.02549721827812139      19299.10516048122
                2000000      -6.46478068733029    0.02648985671159527      17031.20571383614
                2000000    -0.2713186771568269    0.02192307571037529      60285.56086119287
                2000000     -4.588028794791629     0.0251569256228795      25378.01832736252
                2000000     -2.089372747959221    0.02358997097625739       68174.5444981102
                2000000     -1.679006525761126    0.02372854728937988      84969.95220881964
                2000000     -1.967335497595971    0.02302701354568932      65767.23129423322
                2000000      -1.45876738756866    0.02371146554628399      93101.13903130405
                2000000     -4.071244539352714    0.02417426865552531      25915.01696984456
                2000000      -4.93163310228516    0.02542294760942339      24575.33022136364
                2000000     -2.196140425155252    0.02357268913816309      60714.61903072111
                2000000     -4.167551090296937      0.023594899355364      21917.87106061025
                2000000     -5.971460172693432    0.02667788754365006      21554.24394301433
                2000000     -5.132015684142179    0.02527126830926966      23885.75752496348
                2000000       -1.7854352340478    0.02384568468436777      80522.13064449291
                2000000     -1.563910912712807    0.02322832236962125      91890.12253829752
                2000000     -1.255714147252722    0.02279900696304919      96573.32336954259
                2000000     -2.554329711244906    0.02306327129800567      45753.80688421465
                2000000     -1.067791094964929    0.02235420777007623      93481.79072701991
                2000000    -0.9555850938400082    0.02236098620116871      93252.13999624866
                2000000     -6.685827926301991    0.02645190385705295      15692.77237724884
                2000000     -5.760576640560729    0.02643108725327327      20904.12767598605
                2000000     -6.196957582670932     0.0263910442757598      21257.28611509769
                2000000     -6.864724111641823    0.02857258896490167      19248.37579326291
                2000000     -7.092166463611489    0.02583899316335557      14866.89601548303
                2000000     -6.520265670290881    0.02719994146116764      18851.18040866477
                2000000     -6.413076927475384    0.02628366745731422      19660.76933890708
                2000000     -6.082562432480191    0.02672030419948502      21562.58935846763
                2000000     -5.488629867977478    0.02543383385565154      21417.99841136297
                2000000      -7.82211412273452      0.025683312615651      13855.19646236706
                2000000     -6.303862054162528    0.02626561183565631      19553.18191189316
                2000000     -6.739903273346103    0.02694261939702234      18940.03782846533
                2000000     -6.631773795614959    0.02656683270322463      18060.55275614483
                2000000     -7.422550004197936    0.02672789312363556      15710.64090395835
                2000000     -7.258856163609059    0.02660407035656217      16596.31164755579
                2000000     -6.928188642423103    0.02785202001786937      17325.39387921608
                2000000     -7.626355982720549    0.02520037222462617      13151.83446272468
                2000000     -8.047148570731101    0.02616300071211389      15003.47816488398
                2000000     -8.710393152015302    0.02591769553392189      12248.83007973866
                2000000     -7.143051505023005    0.02633978741778793      16549.36161727624
                2000000     -8.468422448505109    0.02603530365632516      13540.43820607055
                2000000     -5.862759708299822    0.02530428386522832      20037.41774623536
                2000000     -7.876434900835815    0.02700521304840305      17497.60310358237
                2000000    -0.7595744357530554    0.02234224970340194      92390.81413967935
                2000000    -0.5455806481608276     0.0220288409199907      84992.66744822435
                2000000     0.1664774592193434    0.02046004227393906      37556.70365129187
                2000000     0.3634040198818148    0.01995235754226398      32074.42349268122
                2000000     0.5371681905476444     0.0197391345685629      30783.18496270425
                2000000    -0.3156947434242668    0.02129488911659524       64908.3112528919
                2000000     -8.253712244546652     0.0265399184525363      13787.26176088377
                2000000     -8.966904388544945    0.02584088695566143      10982.69683328892
                2000000     -7.041680386033984    0.02594663710202047      14486.49968673777
                2000000     -9.209511175461893    0.02568519963279343      10652.20996168394
                2000000    -0.6631193483931515    0.02180349156701197      85551.29188817073
                2000000     -1.348907729870224    0.02194597914977202      80631.71913731341
                2000000    -0.4531986189338943    0.02164489479550122      75361.55066543727
                2000000     -15.05858050808176    0.02094136100937216      103.8405781178996
                2000000     -10.71088524795563    0.02461197498109485      5635.485333975395
                2000000     -13.02640257077808    0.02219147443094602      1666.511155307508
                2000000     -12.61449081201654    0.02253789448048301      1948.246831417634
                2000000     -12.82779110867186    0.02243248558575948      1887.140952764857
                2000000     -11.64582206830207    0.02359475100644782      3063.100240309346
                2000000      -13.2447932830523    0.02151111851548689      1246.024566791517
                2000000     -11.86123713405483    0.02348067177523305      2892.481504992275
                2000000     -15.02419874869692    0.02114208564742085      216.3511541689734
                2000000     -12.41278187197011    0.02229496271093542      2061.374585743432
                2000000        -13.93208759776    0.02143965079800374      879.2514511526326
                2000000     -14.38431137245511     0.0221561165254365      866.6224019051397
                2000000     -13.75090816840637    0.02270920921191408      1196.015560180906
                2000000     -8.101918680549494    0.02679383791140656      16429.79202894479
                2000000     -10.93334630227617    0.02399073304943103      4159.942313068108
                2000000     -9.960060589422037     0.0252886211043598      7587.251793273677
                2000000     -11.39273374728396    0.02368259029335013      3485.216686418764
                2000000     -11.18396789836178    0.02324620184815105      4117.036191280246
                2000000     -7.475092546806794    0.02603158088094993      15120.47110206474
                2000000     -10.18976740062626    0.02530964227580993      7533.652706920497
                2000000     -9.558291878367775    0.02500868626999242       8766.71418302806
                2000000     -8.764655903536116    0.02682632414195825      14139.93063802285
                2000000     -9.458407687522921     0.0250277250328206       8758.00869521449
                2000000     -12.22436874744882    0.02241627800483834      2165.750277694711
                2000000     -12.03472131167307    0.02211934691705095      2259.933522889489
                2000000      -9.75098171213306    0.02465628164925081      7685.411788962496
                2000000     -11.59876766150931    0.02297559490332065      3206.718768358337
                2000000     -10.65985895449212    0.02436972549103904      5824.275676542311
                2000000     -10.43054738347222    0.02438586533716281      6106.808475715604
                2000000      -9.01754432389996    0.02566505623820094       10896.7947166945
                2000000     -8.916501185368272    0.02534017497436165      10453.28985955629
                2000000     -8.524507660272377    0.02695400394780552      15759.72518337131
                2000000     -10.24279849989124    0.02575889677122182      7405.751616415336
                2000000     -7.580024986893256    0.02548803234303052      14494.20413779076
                2000000     -7.773453494117629    0.02547041936885626      14499.68842028201
                2000000     -9.259070664409499    0.02489417499283749      8809.776369761561
                2000000      -7.67332660066749    0.02543889760388321       14361.6980199696
                2000000     -8.657127334242874    0.02650740955088038      12657.23631235144
                2000000     -8.312774983331748    0.02702698907899706      16415.96337626822
                2000000     -10.01088394402821    0.02544513625418178      7510.904131462822
                2000000     -11.44287342023058     0.0236207426374872      3496.461785278947
                2000000     -11.13753964487573    0.02379953361518248      4110.774405290297
                2000000     -10.99081032755642    0.02430464642705885      4644.353453879316
                2000000     -11.81328328388144     0.0229686964345029      2761.663148676622
                2000000     -13.41341139585492    0.02139996263551217      1199.895702336657
                2000000     -14.33856119468521    0.02235385310373983      891.8963060393855
                2000000     -14.15077795272703    0.02226679782100503      929.1484998732815
                2000000     -13.57246019147336    0.02150555425077137      1143.681625782152
                2000000     -12.78453373666583    0.02179163633334733      1779.440711437437
                2000000     -10.76219097854342    0.02445619923091922      5621.329184957577
                2000000     -14.98438545862047    0.02181098455207723      372.3308079532225
                2000000     -14.81571177250871      0.021047062908642      446.1950121613093
                2000000     -12.98593309671762    0.02148212599160356      1539.129273916115
                2000000     -13.06952830098718    0.02175355427801396      1528.591967941889
                2000000     -12.57284108311055    0.02153564757570432      1767.041846932377
                2000000     -14.74018474954924    0.02116332919325089      541.2276667946024
                2000000     -14.10754799644197    0.02151871959704397      901.7678083566046
                2000000     -14.57601740639365    0.02153812086299406      709.4630183587299
                2000000     -13.18180044133113    0.02101930227839833      1279.932971677061
                2000000     -9.153153520106676    0.02643577549541721      12045.71742878807
                2000000     -7.311849436613987    0.02598726710143445      15005.51024556994
                2000000     -11.34451302028019    0.02333462003145252      3626.847305438607
                2000000     -10.48708963248707    0.02468656817863139      5778.042409947981
                2000000     -9.908486924063959    0.02490416470381685        8575.4941810047
                2000000      -7.99405569133862    0.02616752956717772      15447.64453751103
                2000000      -9.70320347615292    0.02461703201358435      8224.939940704349
                2000000     -9.800466754355256    0.02465480351512951      8337.922812994369
                2000000     -10.37928119462022    0.02524868974890209      7655.711152570067
                2000000     -9.408786148034538    0.02534415180947729      9731.096103029688
                2000000      -13.7980727116982    0.02288319783123392      1293.669772799478
                2000000     -12.35717689293983    0.02297796259849765      2411.505375816519
                2000000     -15.12618344332887    0.02080387557679289      9.498465549803441
                2000000     -15.16126775582037    0.02166928695985638      1.971215340714144
                2000000     -13.98622444923883    0.02191426720470348      932.3457177059245
                2000000     -14.94082766298552     0.0221199558225833      485.0837510305398
                2000000     -13.28696570522936     0.0221553376345196      1446.690826125416
                2000000     -15.28602250084407    0.02140732649950578    0.00409969347291364
                2000000     -15.20130966148994    0.02279407972685012      0.220475133400914
                2000000     -15.36003126820299    0.02097318639314547  0.0008867859083726463
                2000000     -14.42714322842318    0.02148536624235381      768.7024352651067
                2000000     -12.87472620114399    0.02276976834343136      1909.932559925107
                2000000     -14.19366714111192    0.02155658914233927      919.6428498223676
                2000000     -14.70186010547997    0.02153841436384017      647.0606042743116
                2000000     -11.90988935071905    0.02278295185363903      2861.859806239716
                2000000     -10.88293658363417    0.02448109034509688      5181.346796564998
                2000000     -15.45630493024038    0.02226624436246004   0.000168896924803118
                2000000     -13.70235298919551    0.02271355461560265      1268.376528271182
                2000000     -12.07907479692384    0.02281190478444893      2594.853012475933
                2000000     -12.66135737425607    0.02236520933560868      2075.679781202807
                2000000     -10.13757981965053    0.02470951338476079      7579.609815974914
                2000000     -11.69533557506957    0.02294309412579915      3122.784360886043
                2000000     -10.60960814565076    0.02408130174817174      6652.192845023804
                2000000     -9.602524154918495    0.02343967869697712      6897.053596854311
                2000000     -11.23155539642377    0.02318173719071602      3908.858118148262
                2000000     -9.301793304391746    0.02366287285913434      8139.882692707097
                2000000     -12.17854548052906    0.02274377454197094      2528.559740221834
                2000000     -8.420874264365548    0.02425415906148973      11468.49369479368
                2000000     -8.874250274388185      0.022931073262985      8660.159266201137
                2000000     -12.45528530724898     0.0216874121054086      2010.605925332622
                2000000     -11.55714418736018     0.0211922277718521       2538.11729630149
                2000000       -8.2119914103545    0.02328894214420491      9979.814764463272
                2000000     -11.09819231326149    0.02084312835498671      3060.555111823525
                2000000   -0.01222714545610272    0.02050485546096636      45623.60926976119
                2000000     -1.155477065969291    0.02102818104082954      73150.38954346614
                2000000    -0.1023264403585902    0.02090694156800053      63848.79595387844
                2000000    -0.8647967818546842    0.02121235521012878      80085.45033950917
                2000000     -9.052941643577649    0.02107134288227576      4433.469464980243
                2000000    -0.2277997676167687    0.02073506489819888      61043.79117792029
                2000000     -2.289298931781921    0.02013222413722603      34542.38303954517
                2000000     0.3233404870180093    0.01924911758599931      34602.27918299663
                2000000     0.1256498642391318    0.01979607489039799      45823.08095667148
                2000000     -1.881732984787539     0.0197664851733857      42594.89980656788
                2000000     -2.002740717651899    0.01905886959770757      31647.76959085425
                2000000     -2.413496641160068    0.01896624303866491      23826.35825492603
                2000000     -5.341146535285503    0.02020108357384628      7760.784249559097
                2000000     -10.28261382779673    0.02054621589843271      3739.790321182936
                2000000     -12.26640507242239    0.02142342470073319      1856.985145756184
                2000000     -8.134524005395537    0.02027093914059918      3356.880026164619
                2000000     -5.278322092659177    0.01950546659308372      3901.843589873954
                2000000     -5.219320097437905    0.01935863780082822      4511.956856701576
                2000000     -4.842388634231673    0.01926978552262466      5437.077190205487
                2000000     -4.449955071789545    0.01872528588473154      5353.588858916128
                2000000      -13.5320059861915    0.02142170398881215      1202.410830827821
                2000000     -8.623173289640389    0.01985414435509715      2454.100875742484
                2000000     -6.895444230758595    0.01937221397567974      896.2210493588186
                2000000     -4.782212299174503    0.01858720924993516      3978.432513653007
                2000000    -0.3495290204796849    0.01804013198653375      44390.26259458437
                2000000     -6.958261985603707    0.01915110108892977      996.1567827604478
                2000000     -13.61361067807416    0.02166558636770327      1197.034556243375
                2000000     -14.29447244043221    0.02182313700648338       909.031511893428
                2000000     -14.53457806243091     0.0215278426775763      715.4502680427341
                2000000     -13.89087324263082    0.02220459773574742      1092.258268964714
                2000000     -13.45208409143262    0.02119482376969627      1058.385510762257
                2000000      -14.8542182339245    0.02155951528194471      474.9722298959434
                2000000      -13.3722587057863    0.02150050713906308      1355.382137608656
                2000000       -15.324604434875     0.0211801819143814   0.001914538263787119
                2000000     -14.61669851218342    0.02178562843450497      671.9618583854499
                2000000     -12.74529917949669    0.02107172189031065      1705.522150323379
                2000000     -13.10687676513392     0.0208240177555054      1301.072913728773
                2000000     -14.06815516592918    0.02122669376302408      900.5106460363739
                2000000     -15.41992795527422    0.02007787716599464  0.0002176707245393711
                2000000     -15.38917748288468    0.01970839894916896  0.0003647081005534852
                2000000     -12.53556871877581    0.02054458640000233      1555.547245516259
                2000000     -14.77890085195699    0.02088953626314865      445.0882425504175
                2000000     -15.55157493116292    0.01842537159722379  2.404971602678114e-05
                2000000      -15.5086947269682    0.01925316764070464  6.121082077314856e-05
                2000000     -15.69832851391044    0.01855752150009908  1.179612333991477e-05
                2000000     -14.46276038992028    0.02036342911835575      660.1496874626603
                2000000     -15.09293744601601    0.02062493435222289      36.93801530427605
                2000000     -15.59094275275336    0.01833616681523837  2.406699087861787e-05
                2000000     -11.99698170188802    0.02052696095168737      1738.245808389858
                2000000     -12.95235393363852     0.0201755715137058       1150.99962977528
                2000000     -13.21272005696843      0.020024448201157      946.3621509041543
                2000000     -15.24798827092665    0.02081369960631258    0.01143718627943255
                2000000     -11.47946504999101    0.02013861424092901      1996.846075273638
                2000000     -11.77902179545478    0.02015861990477942       1564.54444224036
                2000000     -10.04390339034799    0.01993868922702918      2477.896597947265
                2000000     -11.31337063889626    0.01967753484973948      1360.459485414763
                2000000     -10.51895472154739     0.0199071697717704      2050.986493632191
                2000000     -11.02063804726925     0.0195600415567483      1434.027846197155
                2000000     -10.79389011857535    0.01966017333115734      1562.690868930224
                2000000     -10.96309716610073    0.01938612257936124      1140.124495433544
                2000000     -10.45920313030095    0.01930253753261214       1145.52072319007
                2000000      -12.3850091615529    0.01950367712678552       485.172607873265
                2000000     -14.22334888212967    0.01941318049100247      465.7074132689747
                2000000     -15.61243897088852    0.01801511094881433  1.218405235353505e-05
                2000000      -13.9579505968927    0.01933800662806979      326.4487587055091
                2000000     -8.554594166488053    0.01936888546997013      1582.057506394652
                2000000      -8.79419170253221    0.01959689346025211      1146.104278934902
                2000000     -8.281937281812571    0.01894668072516197      1036.232181904881
                2000000     -9.124171973944023    0.01906988865964188      701.4481657226736
                2000000     -5.730436170925428    0.01803836541526908      1268.696842929307
                2000000     -7.228405770149942    0.01896216755405368      471.1871121104713
                2000000     -7.905306118388395    0.01908212933944132       498.010156918013
                2000000      -9.18146377555701    0.01941989407224697      207.8074203230432
                2000000     -9.382510192793019    0.01808755346438931        40.638149788771
                2000000      -8.07497578849874    0.01796559470324416      13.66069890647817
                2000000       -10.736978075808    0.01796348624209076      5.442410123852498
                2000000     -10.58524545683484    0.01796394315455422      7.256994855644065
                2000000     -11.41782287520551     0.0179682005619594      7.115529382146505
                2000000     -5.672031159235143    0.01826070198359522      912.5642456797591
                2000000     -6.832819462013229    0.01856867931291216      84.44056668087363
                2000000     0.2040181349455609    0.01852274990070622      31167.35186709378
                2000000     0.8958824245924401    0.01815604120157111      23815.18215672408
                2000000     0.6943431776988107    0.01825591747531374      26660.89254777901
                2000000      1.377433345251994    0.01835209187221166      25034.42832658737
                2000000      1.988417083231506    0.01827691642512085      36091.58471591894
                2000000     0.9727874352526741      0.018152387918145      25715.16695348722
                2000000      1.528896138161154    0.01875461908049107      28954.34108642082
                2000000      1.302448556043134    0.01835426645932738      26531.69581902251
                2000000     0.7718120660361162    0.01842916226089786      29067.70838012709
                2000000      1.099083287307188     0.0180820715917511      25701.32047711039
                2000000      1.747881926350344    0.01847375373523438      29344.40293836527
                2000000      1.172582509360812    0.01802052597106902      25446.07982982215
                2000000      1.827025817077192    0.01841044905496701      34126.49757030421
                2000000      2.410652633790014    0.01803634856909861      65198.75653953465
                2000000      1.607279267426018    0.01820314888365991      28365.62184436684
                2000000      0.574890670867659    0.01837484607464775      30388.67539858651
                2000000      2.323548320928859    0.01807777782964518       56509.2973470281
                2000000     0.4990637613056268    0.01815665044805051      31297.23677762113
                2000000        2.1202240692674    0.01784128166058544      38227.84772049935
                2000000     0.4003330901826509    0.01801939726347045      29554.97536894757
                2000000    0.02162900738456104    0.01789287328549323      33873.12256337271
                2000000      1.955531599272607    0.01746347812040851      34048.68973419778
                2000000      1.409053156902202    0.01712141108513262      26813.25325102713
                2000000      2.697491503552386    0.01788106938465865      107004.1085190435
                2000000      3.524400636921408    0.01790861820782389      625818.5453477207
                2000000      4.663744875581211    0.01901726544362609      133378.1466481131
                2000000      4.841061390466864    0.01896046014476739      39821.28761465157
                2000000      5.269831934423765    0.01893298391126366   0.002121023088264087
                2000000      5.232482556985991    0.01881876426755663    0.03937792167660117
                2000000       5.39337222505095    0.01658103268440377  8.710164245322356e-05
                2000000      5.333177086841968    0.01750377712425417  0.0003041868691452337
                2000000      3.703110052101557    0.01777172701091852      676412.8730200012
                2000000      4.913723821786649     0.0181027728357774      17064.25996746133
                2000000      4.004867813317286    0.01772193824253121      632480.0802874193
                2000000      3.617317652926068    0.01760859568715123      630411.3205563457
                2000000      4.973728856629682    0.01734280331744402      7175.433772098345
                2000000      4.374765633000638    0.01726485197695629      298418.3964990032
                2000000      3.924494980105455    0.01757452579206168      618562.7695532566
                2000000      4.255301665948893    0.01705789852801871      337862.5705050307
                2000000      4.593076205687991    0.01673091027699857      99647.73365005775
                2000000      4.540658373128998    0.01649100211632517      121932.5229748137
                2000000      -3.16440655475232    0.01738390099567134      6871.301000402705
                2000000     -1.648928967985154    0.01744779613873976       21396.9595803418
                2000000     -0.575585771909998    0.01733306625219544      30760.87152541198
                2000000     -1.487004692987554    0.01723117338359906      15865.35826703349
                2000000    -0.1987020576490118    0.01683118320905839      22345.13500609974
                2000000     -2.742662004661749    0.01711456055609653        7372.0808334846
                2000000     -1.430467344836705    0.01712919429440165       14331.8758033699
                2000000     -3.221355209828719    0.01713540828861116      4766.649615021934
                2000000     -1.815390994871338     0.0169434842388961      12485.52952345591
                2000000     -2.117511198979987    0.01713164753790658      8951.829040034816
                2000000    -0.4250354395567398    0.01683256058680201      20323.19382652245
                2000000     -1.039606256780882    0.01692391429743784      16092.05827295378
                2000000      -2.68652607109231    0.01717509065123534      6498.309162381322
                2000000     -2.631777780106282    0.01710974845385004      7024.900055248794
                2000000     -3.332697628748192    0.01718135849396066      3786.829611713759
                2000000     -3.824002063311549    0.01706850798050661       2941.17953144986
                2000000      -2.89691017324912    0.01703144124046933      4636.477374216786
                2000000     -1.704905890108436    0.01689518226659295      7253.718367657803
                2000000    -0.7347975978839119    0.01634284321855347      6555.974373526372
                2000000     -1.758345294569656     0.0167831122423311      4771.246384700222
                2000000    -0.9833125203905101     0.0165251887183779      8551.027086011289
                2000000      -4.67038196966443    0.01718282528170943      1299.899065015886
                2000000     -3.608282419781419    0.01704262913964679       1942.23460943577
                2000000     -3.500850011476012    0.01718945405548258      2097.779288156831
                2000000     -3.389418392779462    0.01698966867774954      2006.010852304844
                2000000     -3.716182260457136    0.01692018665201941      1620.006266934218
                2000000     -3.991935891813099     0.0169976271431389      1349.634125857438
                2000000     -6.547931447485792    0.01586440326119474       21.2145012834131
                2000000     -4.902688948887213     0.0166709644601616      336.6353056995797
                2000000     -5.403735197574752    0.01701481940317649      118.6502555687197
                2000000     -2.170635169856363    0.01659180091679015      2568.855000366586
                2000000     -3.882803720836437     0.0159899223561452      101.9465723143974
                2000000     -3.105295794789223     0.0167003560093527      738.1872193058377
                2000000     -4.560182094748457    0.01577491260904756      23.68697576389687
                2000000      -1.22994047984558    0.01649761587084731      5060.067514386462
                2000000     0.2949822461811464    0.01639422388410737      18891.59375648306
                2000000     -2.474441309111097    0.01631020813970032      934.4361087093273
                2000000     0.8675746805104977    0.01645099428309707      19575.47156378192
                2000000      2.018556784337537    0.01689878791824541      27738.36114405689
                2000000      4.137986823719319    0.01629752858671787      338213.0427405355
                2000000      4.484078604627873    0.01573592713006896      113541.4800556664
                2000000      4.080369808932324    0.01627064572352123      359464.5931315137
                2000000      2.777511293029333    0.01763412316853639       169327.586626873
                2000000       2.54187154983782    0.01724429240254121       77533.0512368932
                2000000      2.191279742112204    0.01734730541517054      42729.68238302278
                2000000      3.785777417700944    0.01651009964731556       467192.792497486
                2000000      3.846658909628834    0.01635593683768942      421283.7761239588
                2000000      3.060703565609435     0.0167984609710407      261931.7220284046
                2000000      2.995699759980354    0.01667919658158964      167616.3358940442
                2000000       3.15031153896505     0.0167687003777007      286687.8751612848
                2000000      2.604524142704682    0.01652377737315895      66515.81583352023
                2000000      3.279178706137996    0.01610467377267311      238982.3609178735
                2000000      3.213230895381737    0.01610651263437788      234122.3491027961
                2000000      2.878117685879052    0.01657689219948551      144682.4091169869
                2000000      2.439091751216288    0.01632122805760008      53966.16511871592
                2000000       1.71844809344474    0.01623796940058783      20115.20860207091
                2000000      2.296001888419405     0.0162419775112367      35980.43957815222
                2000000      3.403246828961128     0.0159454984820847      291025.1991277618
                2000000      3.332697671505715    0.01592536375886095      279497.8028828008
                2000000     0.9997521959347703     0.0160119263107803      16232.79501262111
                2000000      1.198902224020792    0.01605227165341487      16423.60714861541
                2000000      1.072265236436124    0.01601496135882021      15968.25243201942
                2000000      1.275913552236973    0.01602661807396277      14937.21484610641
                2000000    -0.1282667687194304    0.01575436600376694       9018.46228787676
                2000000     0.6683178272891763    0.01598666188114855       14111.1573757033
                2000000      1.500782911305053    0.01618661020331825      15906.75767658558
                2000000      1.854508837938541    0.01613969257914964      17123.24511452344
                2000000      4.775214631942489    0.01512481065067666      11438.36506584651
                2000000     -2.528171928024986    0.01487886554532421      53.38297525286526
                2000000      1.632684979215077    0.01572996249620368      9643.480329171816
                2000000     -1.588510874537987    0.01513633746678499      432.7974334163034
                2000000      3.452298637321505    0.01524847207308366      142090.5512958723
                2000000     0.5980876516100802    0.01549865339153094      6538.832784718466
                2000000     0.7959390906855266    0.01536955059530503       3838.56911602944
                2000000      2.930866143052402    0.01497543640320961      21237.33243357469
                2000000     -1.371191329721863    0.01410103981457892      45.18087009432254
                2000000      4.435508472371121    0.01500886355755389      66314.70253830164
                2000000    -0.8431409863704156     0.0139831797645567      23.49210329957586
                2000000      4.318015670441461    0.01491609127428203      48326.79707683068
                2000000      2.675882959715544    0.01496246387387017      7009.337637012552
                2000000      4.199177950547214     0.0148111136704992      30665.30137960076
                2000000      2.391940089657055     0.0144683308010388      878.4656942596985
                2000000     0.9147410208673542    0.01382971997670708      6.093540296347825
                2000000      3.545069428998909    0.01468637001120787      20721.40738067146
                2000000        2.2094432370891    0.01377466216692263      22.05358390704557
