#! FIELDS time ld1 sigma_ld1 height
#! SET action OPES_METAD_state
#! SET biasfactor                       8
#! SET epsilon   1.153581406617129e-07
#! SET kernel_cutoff       5.652472782993875
#! SET compression_threshold                       1
#! SET zed     0.03719744740658281
#! SET sum_weights       503672.0039035556
#! SET sum_weights2       1175623.381884574
#! SET counter  999982
#! SET adaptive_counter  250000000
#! SET sigma0_ld1      0.2576125761964729
#! SET av_cv_ld1      -12.92493863446244
#! SET av_M2_ld1       81680519.76071836
                1000000      3.104637765232896    0.06233684989022384      83456.62553192857
                1000000      3.572062188480171    0.04729787038021945      121703.4336849296
                1000000      2.830727461246298     0.0700286874789553      48061.79314413547
                1000000      3.367848477695385    0.05461543107681407      120470.2017996485
                1000000       2.48482547626857    0.07767837208446014      21808.52103765155
                1000000      1.233404388091456    0.07870446115950794      3711.551259923468
                1000000      1.677418429907237    0.08810868234511844      6817.526941612043
                1000000     0.6315690074880854     0.0672307610108992      5697.187112381237
                1000000     0.2545922143579963    0.05409067072289123      14324.91691173288
                1000000      1.900673805632529     0.0876081941444265      9319.119676666638
                1000000    -0.3880423909897265     0.0398706067169305      52504.70816749879
                1000000    -0.8144617233599326    0.03340158128297555      53466.08756355196
                1000000    0.06560536442211382    0.04985413956005363      23543.13452777466
                1000000      1.034478241149461    0.07470520633833053      3532.673563926921
                1000000      2.247399844610289    0.08199827985848451      15061.00862937456
                1000000       4.16828740047763    0.04554862109772312      60855.11128005973
                1000000      3.749182282380951    0.04771402792994078      118679.6562808303
                1000000      4.047899450153079    0.04482942298905707      76016.14376042123
                1000000    -0.6077898376977765    0.03515253819942191      51162.32499246622
                1000000      -2.50212777026628    0.02755519129560771      25965.22314463971
                1000000      -1.20189191651441    0.03021307976273765      51365.04516602501
                1000000     -1.619114154646935    0.02880062596003684      56555.97563602769
                1000000     -1.399751856310942    0.03003642738051492      60028.45928754187
                1000000     -2.250099929184629    0.02820639283083321        32074.968084224
                1000000     -2.715511082003944    0.02746236536867771      23234.06227253499
                1000000     -2.923653532927473    0.02669022633184697      18044.35274210814
                1000000     -3.581255585461627    0.02760481016982751      15212.82836605458
                1000000     -2.036890994156954    0.02782029256206062      37436.24147933367
                1000000      3.880665068155524    0.04630773365917543      100951.4547576988
                1000000       4.51556185780509    0.04059542505736066      15299.71583048045
                1000000       1.45396815818993    0.08725113358181705      5462.823139545068
                1000000    -0.1645210390238048     0.0437321575693296      36562.38374229863
                1000000     0.8314401629938175    0.06881793714775393      4329.629570167388
                1000000     0.4475769189448581    0.05889312961995045      8296.263596953086
                1000000     -1.011766643177126    0.03147512858342228      51293.75418818568
                1000000      4.287394773021112    0.04347964051490665      39196.14530759802
                1000000      4.408145342245477    0.04193310205040324      25474.72656440622
                1000000     -1.843605444618509    0.02878648242143845      46703.80882049797
                1000000     -3.134273335992924    0.02808173523271097      18590.95033623667
                1000000      -3.36164579954581    0.02790634700417052       16652.3777417476
                1000000      -4.64143491869515    0.02685675040488278      17117.70983708574
                1000000      -4.87416848650346    0.02814709971157217      20070.92103929668
                1000000     -4.420348244411964    0.02729744656610695      16962.89751469206
                1000000     -3.797073350710347    0.02762964987405404       15676.0233178153
                1000000     -4.019908416433495    0.02727134748024095      14012.33317003467
                1000000     -4.213719868299179    0.02616484106104497      12720.31829652977
                1000000     -5.433111934176726    0.02794843677066756      20716.00390476509
                1000000     -6.577416784630967    0.02771376606681862      19818.51619875311
                1000000      -5.91520616127255     0.0272090573134358      19378.80449977102
                1000000      -5.70126625118552    0.02823534172807823       21748.6121902189
                1000000     -5.188036074461775    0.02764021164377488      20906.82077055267
                1000000     -6.359123708141557    0.02743923415460868      18568.81835465755
                1000000     -7.723455566603512    0.02716993101443103      13576.45570370502
                1000000     -7.364977345108936    0.02816746265488989      15061.50303724173
                1000000     -7.937191946394056    0.02934741381738169      16374.72338452862
                1000000     -6.801430793617151    0.02951516708957312      20131.07548069246
                1000000     -6.988742881786636    0.02807034805333809       17742.3739505643
                1000000     -7.528169198587495    0.02763731233104129      14354.82195635705
                1000000     -9.350841192004179    0.03219989573029537      7830.802252368466
                1000000     -10.32063324822026    0.03304438784528359      4162.601605115228
                1000000     -8.167199263136691    0.02985768651001636      15082.79132972097
                1000000     -6.140757466528998    0.02784644741833861      20483.53546798091
                1000000     -7.199346859574679    0.02870868858380425       15937.0916075303
                1000000     -8.828723808427837    0.03180166373022942      12016.05894841047
                1000000     -8.371484904042481    0.02937188879204073      14126.12763000314
                1000000     -8.589431810105379    0.03131129040090867      15705.08017716389
                1000000     -9.090415377942788    0.03169729511789685      9750.963763851758
                1000000     -9.854431293591526    0.03068831596034546      4643.987490732827
                1000000     -10.07884706534038    0.03258775092231082      5059.440437119627
                1000000     -9.649642857732774    0.03044325205693375      5577.662472807599
                1000000     -11.74887400466838    0.02968812540451468       693.268717408538
                1000000     -10.55208579485073    0.03373554870716652      3545.965474526414
                1000000     -10.82446247537139    0.03232996041788804      2446.166500091569
                1000000     -11.51255276425212    0.03264010486517231      997.4669304629897
                1000000     -11.28312909136248    0.03142927605434609       1277.70176393357
                1000000     -11.05595566471088    0.03304225542542777      1904.519610003659
                1000000     -12.12919091077206    0.02739053689164991      487.6197053489045
                1000000     -12.50014938693596    0.02543096761627521       456.749015724886
                1000000     -12.70726370972938    0.02442626640887567      424.5409501120808
                1000000     -13.14321536352104    0.02340876843372752      279.4086246926538
                1000000     -12.30696610099835    0.02685782928017067      477.3701084876103
                1000000     -13.49213801915366    0.02303938073108983       182.825567395881
                1000000     -12.92226032856689    0.02386939946671728      363.1473701942054
                1000000      -13.8477005213717     0.0236169704674682      152.4875272585321
                1000000     -14.24785613274914    0.02395109942671315      97.72224387581736
                1000000     -13.33247211081555    0.02370451414243185      256.1195599616989
                1000000     -14.49307193338203    0.02285479142089435      59.76957390038898
                1000000     -13.65664623268802    0.02348687693219332      186.2796721698044
                1000000     -14.66009044469987    0.02321140045543376      41.83635403894026
                1000000     -14.89796575500967    0.02332275326622968      19.28004949873693
                1000000     -14.03105081949797    0.02333278261153253      115.5402022934836
                1000000     -11.96281646918774    0.02799156967323341      519.9238327801754
                1000000      2.069870125864318    0.07333541604795138      8708.535105367448
                1000000      2.643456271452996    0.05672924753807847      21941.47491328686
                1000000     -2.381141096899312    0.02647254433406828      22536.44449257177
                1000000      4.624549061950868     0.0392106248972915      9055.612469606061
                1000000      4.883276394699877    0.03572727653233361      1180.471846660797
                1000000        4.7067451256345    0.03846004656065565      5007.580968378025
                1000000      4.807030147581538    0.03664038662521159      2319.212887673674
                1000000      4.952791671749007    0.03351519669117829      501.6343582896435
                1000000      2.959410485169959    0.04537374032134568      36084.54899376887
                1000000      3.245087877561671    0.04498862393455234      69312.30270222446
                1000000      5.010608432697502    0.03117027180920513      180.6663530770781
                1000000      5.060034584536933    0.02993010130440911      43.42343455624449
                1000000      3.478066399550415    0.04276586390231791       95259.1786577764
                1000000      3.659714306454048    0.04099440690894083      89569.42893182384
                1000000      3.964272315754002    0.03935615295283001      71889.50204622161
                1000000      2.366863552856926    0.03893877376639889      4630.579019870332
                1000000      2.733308767649212    0.03560827300941011      9236.843923812725
                1000000      1.789986087087549    0.03321449240991057      868.1391630049934
                1000000      1.340625432732716    0.03145691276122215      672.6921153111857
                1000000      3.024697863649132    0.03459389796997756      16995.00577265978
                1000000      3.817432829835332    0.03309149870420754      36405.84032496834
                1000000      3.184546756691522     0.0342249883503469      24845.21595948326
                1000000      4.347351695122978     0.0304046187210484      15808.15379145597
                1000000      3.303347082516181    0.03224440068578763      16733.34354283287
                1000000      5.102557943386235    0.02861826591312902      7.365234515244686
                1000000      4.228223150006119    0.03014770689405963      16731.50116663244
                1000000      4.109130605959381    0.03025454748565904      19946.49864711017
                1000000      2.575726527147161    0.03134333590600294      2386.778834272695
                1000000      2.156597015281809    0.03099497970847435      897.7594893995953
                1000000      1.569329770734079    0.03040925214050724      461.1719757103926
                1000000   -0.05571254060096405    0.02551435995660533      9851.680849325163
                1000000      1.135388594823655    0.02820437634161494      564.4992075734363
                1000000      3.428407442186596    0.02956061651499384      7531.671365144745
                1000000      5.171446243759474    0.02716575107482514      0.157769231483636
                1000000      5.137498747541529    0.02750803023068735      1.130994810655936
                1000000      5.210010934319647    0.02784881896154515     0.0058062131739144
                1000000      4.567699409066327    0.02931874950590464      4146.782168928057
                1000000      4.461832353546034    0.02904514718534979       6933.98980019585
                1000000      5.304471482754772     0.0272709608624088  6.859624781594332e-05
                1000000     0.9329673889185796    0.02897367065346682      819.3436574458542
                1000000      2.908906726595312    0.02941987732547528      2098.972697303815
                1000000      5.252760313862558    0.02903460208922821  0.0002647881017439713
                1000000      4.754281636664703    0.02784857725830562      1086.220775629332
                1000000      5.380130448105473    0.02492900783362023  8.786742353013042e-06
                1000000     0.7323976016744282    0.02803493353102848      1083.730517615064
                1000000     -3.248612984823418    0.02712329005311166      15672.98533057959
                1000000     -3.025151154797055    0.02600211864366417      15955.90039767438
                1000000     -5.033075857512904    0.02555482167730057      15993.94725438387
                1000000     -3.689911174503406    0.02678021756756601       12599.5107163119
                1000000     -2.604011603488785     0.0258437783233484       18891.8689122302
                1000000     -3.472816640101285    0.02691262910900822      13944.10604815359
                1000000     -3.910201178847031    0.02711290699905036      12954.75978379949
                1000000     -4.752268503157087    0.02696619524045462      16866.27499923747
                1000000     -4.532930654815623     0.0265716878660602      15147.95273850224
                1000000     -4.314464903200648    0.02621528809633582      12781.82778809933
                1000000     -5.309360168556175    0.02697645774654557      16710.90972049641
                1000000     -2.820099777729485    0.02565222107220789      16470.20032498216
                1000000     -4.120027335566582    0.02583491713008968      11434.86576478824
                1000000     -2.143614005417146    0.02534387842254736      26177.66199059592
                1000000     -1.732057379175243    0.02540782631553048      38103.13151380254
                1000000     -3.304668086452405    0.02729936753242366       16166.2056503132
                1000000     -3.192518358765495    0.02735017879193672      17668.47395517549
                1000000     -3.417946840434544    0.02696611130905913      15411.80413029203
                1000000     -2.658273318747169    0.02678126369373105      21774.22732765403
                1000000     -2.445954437398534    0.02682638872037233      23860.93277768435
                1000000     -3.077242224950171    0.02678416193895355      16272.02348036434
                1000000     -3.964333004196843    0.02699939185073766      14432.30152065618
                1000000     -2.327293897821159     0.0266783974684838      24940.35458235914
                1000000      -5.08216073554634    0.02549029763180012      16293.77839723335
                1000000     -1.917832451361499    0.02614830362649097       33781.5025942941
                1000000     -2.975654552836014    0.02592193398963213      17072.75855596578
                1000000      -3.74264800382006     0.0270234228616216      13728.35723448763
                1000000     -3.636428076425272    0.02709725182806655      13988.31023803966
                1000000      -2.86966876771206    0.02584502791965233      16701.40418848468
                1000000     -3.854714006527302     0.0272700006766824      15171.23546525238
                1000000      -2.77028436349996    0.02620436307227613      18116.25006641969
                1000000     -3.526017754719358    0.02710160470856636      14683.11251873174
                1000000     -5.587946576757703    0.02607344042818646      16823.36526381452
                1000000     -4.983421170606618    0.02594970232535367      16070.99632780856
                1000000     -4.478977055055593    0.02687156774878501      15745.99871811799
                1000000     -4.697179980903994    0.02670507561210224      16748.67843244512
                1000000     -5.249268207350073     0.0275272926461122      18968.20067474742
                1000000     -4.811239778131778    0.02746120987970579      17510.38177067034
                1000000     -4.263145694493225    0.02612973324653267      14128.00862355324
                1000000      -4.36637114152435    0.02646678829475859      13650.63232537949
                1000000      -1.51394694421813    0.02532029093765515      38389.07184797698
                1000000    -0.4992648918735386    0.02571161107567386      20591.35682271529
                1000000    -0.7093637011158469     0.0254415312514848      22802.15490742598
                1000000    -0.9082562200576318    0.02553678632935336      26606.88727940269
                1000000     -1.114268210011252    0.02531099280208712      28165.13046884787
                1000000     -1.304540112912426    0.02533637759860739      31858.42037306923
                1000000     -5.538395604226252    0.02567404381746835      15991.04025089168
                1000000     -6.027578537170037    0.02685646822824351      17262.12162409481
                1000000     -5.374437537980181    0.02730439164456603      18849.38999341566
                1000000     -5.642347557509356    0.02729263058356032      19714.95046978806
                1000000     -6.249960323543156    0.02669075436375044      16459.08067809264
                1000000     -9.508471760277889    0.02713442486384673      4681.506504419925
                1000000     -5.813759546643335    0.02602506387382382      16376.63361788543
                1000000     -6.464839228611754    0.02678921846647498      15316.69674968464
                1000000    -0.2712544865424491    0.02550991355078907       15167.1906916514
                1000000     -4.587869432461806    0.02636109000969875      15649.43847883892
                1000000     -2.091303968232265    0.02584486510646841      31324.93152746367
                1000000     -1.678205142354211    0.02617113272758861      44007.65050395325
                1000000     -1.969355420883358    0.02555767216814042      31106.08175533849
                1000000     -1.459142585502003      0.026371195689312      44129.06443098826
                1000000     -4.071846678680778    0.02617798088736247      13254.66745324175
                1000000      -4.93187305215522    0.02648403882833903      17651.89660179642
                1000000     -2.195488765385892     0.0256483117749826      27456.94790164198
                1000000     -4.167738370718948    0.02538995723489191      11732.01796395721
                1000000     -5.971426825615128    0.02712588397309883      18735.62686587447
                1000000     -5.131820284955638    0.02618797926310107        17214.247891815
                1000000     -1.785948792961664    0.02604970294463572      39328.41708800701
                1000000     -1.563481126600476     0.0250896541332015      38989.73221550536
                1000000     -1.256363923140265    0.02530584384022237      36216.22610655956
                1000000     -2.554820515922476    0.02503361168235037      18316.89069475917
                1000000     -1.068600739576068    0.02498728475990128      31049.53956781658
                1000000    -0.9546691952282906    0.02511904881470853      28853.97749482991
                1000000     -6.685923540909839     0.0267796133281286      14007.66715621343
                1000000      -5.76019666091682    0.02692576080231594      18076.98036316928
                1000000     -6.196825968746504    0.02692955595848153      18149.02555711796
                1000000     -6.865406188499013     0.0290281561674504      17477.53410779531
                1000000      -7.09227114933362     0.0262768886637967      12649.86602441064
                1000000     -6.520103802346635    0.02753725924958187       17101.7315310891
                1000000     -6.413057390156302    0.02661550110793791      17439.56085140923
                1000000     -6.082576052390761    0.02721379877857612       18337.7623328833
                1000000     -5.489024038672197    0.02606209146346425      17138.29482751452
                1000000     -7.822126804064012    0.02627337870749374      10620.00131388464
                1000000     -6.303758569768198     0.0265848252405346      17414.54217958088
                1000000     -6.739813932319066    0.02720695838090632       17185.3474415877
                1000000     -6.631898439710443    0.02689551112201027      15975.51900332053
                1000000     -7.423002329245299    0.02733367861851067       12810.2174556658
                1000000     -7.258762274896558    0.02709030501664077      14015.99057230531
                1000000     -6.928081688232314    0.02838335793946637      15882.52603811453
                1000000     -7.626415549490501    0.02585198438290195       10510.0938220976
                1000000     -8.047100895783501    0.02690771420347682      11173.77599330506
                1000000     -8.710334631884637    0.02683856017447893      8536.351932794536
                1000000      -7.14280282330446     0.0268231569417098      14496.90548350723
                1000000     -8.467804472750954    0.02703241506552279      9621.501474812307
                1000000     -5.862485679332383    0.02583282904736618      17178.27292787925
                1000000      -7.87620856122588    0.02768519403006591      13733.02185340474
                1000000     -0.757084195819131    0.02519333662562966      26084.22424986448
                1000000    -0.5465273115186611     0.0251461243617267      25287.19157123336
                1000000     0.1688976633457938    0.02583293170712709      5992.779021623825
                1000000     0.3641580814844339    0.02568659929480347      2702.327631041908
                1000000     0.5382889611336658    0.02664922857837863      1491.341859399254
                1000000    -0.3175264355171089    0.02512414741202522      17978.92646844603
                1000000     -8.254044122826684    0.02743285465697393      11143.04558505768
                1000000     -8.967050549168192    0.02708091822098068      7092.077479241755
                1000000     -7.041589606718771    0.02631287503746941      12426.68744264025
                1000000     -9.209905254374195    0.02722156164393487      5849.693905421004
                1000000    -0.6659192741360876    0.02434753479469784       22171.7278492939
                1000000     -1.348641072166632    0.02382003872106198       30449.0713110951
                1000000    -0.4538912006217005    0.02454289786560802      19218.36635295716
                1000000     -15.07779330213026    0.02256744758209158     0.7856269825281063
                1000000     -10.71000924486983    0.02697295518850614      1577.653405754798
                1000000     -13.02730389665098    0.02298978009152329      285.4732455867295
                1000000     -12.61441683328201     0.0233944827285842      295.0392517611881
                1000000     -12.82662488067148    0.02298896553265583      291.1355053417402
                1000000     -11.64656091673566    0.02567448802495683      451.2435909245517
                1000000     -13.24012057246564    0.02261525691568022      203.4645889172912
                1000000     -11.86205533244279    0.02501115530671211      370.8505460125953
                1000000     -15.03607865731725    0.02315262450599577      3.309048332347219
                1000000      -12.4126596071601    0.02369031639987205      328.4915195058481
                1000000     -13.93468422924513    0.02275403488639359      96.31291670833664
                1000000     -14.38506979341097    0.02292807032191821      63.15048062721446
                1000000     -13.75015761482118    0.02332986172765647      139.7151914907582
                1000000     -8.103129002008448    0.02784267219253529      12721.51753139596
                1000000     -10.93504635811404    0.02673512306237132      1182.725816439537
                1000000     -9.960174597967191    0.02736275640141762      3170.451533113667
                1000000     -11.39301757772216     0.0259884121342576      566.1784394957166
                1000000     -11.18492628715185    0.02588706512797722      859.1012523103772
                1000000     -7.475017068689559    0.02650307403317683      12417.24120525169
                1000000     -10.18960089449084    0.02772010470459893      2757.304577585311
                1000000     -9.559326996991494    0.02725857572787087      4275.095213289174
                1000000     -8.765295819368562    0.02811743250664733      10003.49581410338
                1000000      -9.45861076848297    0.02689342762020203      4322.200878447472
                1000000     -12.22606058702393    0.02374754877968573      299.6576262400504
                1000000      -12.0302261538169    0.02436628511547535      337.9082237472948
                1000000     -9.750466654906068    0.02664563008632357      3372.586708492138
                1000000     -11.59542483639738    0.02627941951508694      499.5483741518245
                1000000     -10.65956754556161    0.02667119464987727      1802.463188474587
                1000000      -10.4336475727463    0.02714508879629159      2006.098199580224
                1000000      -9.01842916691896    0.02737726321418023      6959.299101089074
                1000000      -8.91578061396142    0.02658607773705722      6944.011756935361
                1000000     -8.524813854936127     0.0280233941835439      11971.17068079764
                1000000     -10.24565696914805    0.02903487147485437      3129.440575604522
                1000000     -7.580020862225023     0.0261666292427218      11469.68647015047
                1000000     -7.773405370078432    0.02608039318794397      11388.90169035788
                1000000     -9.259185651922147    0.02637145298344681       5251.73632984191
                1000000     -7.673103300705439    0.02605984808017233      11407.00986592423
                1000000     -8.655700998386202      0.027819281129802      9135.681944168133
                1000000     -8.312031592400354    0.02789879971002591      12446.64790737738
                1000000      -10.0131717690231    0.02822404326005597      3556.576761697876
                1000000     -11.44683937799116    0.02660730788918892      713.6698644182841
                1000000     -11.13416755866684    0.02717605149929144      1045.108010365517
                1000000     -10.99055271227278    0.02780600575297863      1478.023679639588
                1000000     -11.80803109947607    0.02566226653347842      451.6131928541807
                1000000     -13.41366115462668    0.02175677806106601      160.5006138825703
                1000000     -14.33885134653972    0.02260502047934228      60.81695199647434
                1000000     -14.14942399752135    0.02281014404019036      77.82186186461014
                1000000     -13.57218888076265    0.02199094435227383      140.7058854581716
                1000000       -12.782339749388    0.02237948648338152      274.5531434176667
                1000000     -10.76295334451567     0.0274607037964575      1774.789644582594
                1000000     -14.99185144817715    0.02279886552755937      6.709982162543534
                1000000     -14.81420426043036    0.02145115299602387      16.29872347457585
                1000000     -12.98186600571071     0.0223833702773543       299.698082311116
                1000000     -13.07163400574571    0.02220821187623848      228.6845037241903
                1000000      -12.5699533029386    0.02252689759893185      286.2687012774168
                1000000     -14.74588385839183     0.0218375528100525      23.20885356029223
                1000000     -14.10600984579517    0.02164783102649979      79.61411134437431
                1000000     -14.57513507300698    0.02199300620667501      38.92195686025106
                1000000     -13.18609569542747    0.02221402860139793      234.6341146861271
                1000000      -9.15307757012863      0.027911865995591      7180.241580585441
                1000000     -7.311966590640081    0.02652833800645994      12308.16215426665
                1000000     -11.34292605437613    0.02631907126737602      739.2906530398687
                1000000     -10.48709752859795    0.02784362100848368      2286.908960833346
                1000000      -9.90807558746636    0.02696213343556585      3676.578123118752
                1000000     -7.994298086288654    0.02682409314014711      11851.46831781301
                1000000     -9.703351736897288    0.02672187759902882      3583.960764586964
                1000000     -9.800068702320702     0.0267728665914656      3585.008621835675
                1000000     -10.38112518540191    0.02767593337249028      2595.069178468199
                1000000     -9.409105375775841    0.02679383134930739      5212.632016898422
                1000000     -13.79832740931726    0.02317858776552744      146.8776476945396
                1000000     -12.36104797195384    0.02426659514885537      357.4473712205859
                1000000     -15.14335966373914    0.02153964137346127    0.09214993381215407
                1000000     -15.18477216755819    0.02339036651064915    0.02584462540539901
                1000000     -13.98354294335277    0.02339040289931667      105.2035250003574
                1000000     -14.94446683824254    0.02333652503763419      12.51652395219061
                1000000     -13.28576979902741    0.02282635119340044      232.1251193882466
                1000000     -15.28955182632176    0.02170997957535019   0.001737370936927677
                1000000     -15.23637340928747    0.02410684109805078   0.005740684834277595
                1000000     -15.36252699852031    0.02167960876424192  0.0004721863634646618
                1000000     -14.43236798112271    0.02272368613913623      53.74017744506043
                1000000     -12.87488038179344    0.02304577640427931      316.9175074758008
                1000000     -14.19845885488896    0.02318878990656159      89.33531860762309
                1000000     -14.70446571880001     0.0225126440669405      34.54043691054778
                1000000     -11.91103276160115    0.02387320594569507       352.159681213333
                1000000     -10.88347769719008    0.02665927404858085      1397.434170871918
                1000000     -15.45889730070181     0.0227425469841135  0.0001168698728222988
                1000000     -13.70199287485459    0.02247816310570433      142.9579876890613
                1000000     -12.07707234113589    0.02345372998085585      330.3112170192227
                1000000     -12.66214232462094    0.02256147938061869      291.3581101673542
                1000000     -10.13772913402772     0.0270933243874375      2850.349506688162
                1000000     -11.69451906300413    0.02445647710780112      404.7154247473638
                1000000     -10.61121016515605    0.02643892849710679      1997.681404579208
                1000000     -9.602633957675856    0.02541905297752964      3083.909811416804
                1000000     -11.22998809396744    0.02514700773695538      701.3740711891667
                1000000     -9.301713952363098    0.02520434037363384      4366.308086125309
                1000000     -12.17997597253639    0.02305418616681421      316.7512570056976
                1000000     -8.420832604055072    0.02495870173329742      8412.831518475834
                1000000     -8.874846749762556    0.02411367158650411      5018.236469240558
                1000000     -12.45588972571675     0.0218711606525966      274.5356585782704
                1000000     -11.55909896572686    0.02145864838657501       268.528208385349
                1000000     -8.211947367584612    0.02411747438451323      7004.533087105592
                1000000     -11.09945689135531    0.02137928902965759      391.2317092589474
                1000000   -0.01058723885936967    0.02479802173280994      8093.800924939092
                1000000      -1.15433507577541     0.0233096255182633      22959.01842057683
                1000000   -0.09985654355823773    0.02425169410732521      10087.47816741018
                1000000    -0.8661428169231205    0.02353785522342203      19803.24013306307
                1000000     -9.052518838058838    0.02193650410485626      1865.259105721988
                1000000    -0.2281920856410829    0.02396936389612559       11712.7584267779
                1000000     -2.289343725422299    0.02188311550122009      11574.66857841593
                1000000      0.327674011430389     0.0229049096580272      1500.740525888464
                1000000     0.1292449857574314    0.02328801497655832      3725.112372461727
                1000000     -1.882024975667009    0.02158701829862167      14000.08824868444
                1000000       -2.0020416194924    0.02076233131260936      8142.444373256716
                1000000     -2.413625277347939    0.02070835236043633      4952.429918779581
                1000000     -5.341219576682239     0.0208475837434158      4816.171777263084
                1000000     -10.28095235850001     0.0211679533008621      516.3759499050021
                1000000     -12.26554983491693    0.02101544609365631      221.5417859204292
                1000000     -8.135227720138175    0.02100519410637338      1410.671242899688
                1000000     -5.279014027745507    0.02060793229372578      1652.132575528454
                1000000     -5.219344381247318    0.02043636416005409      1623.498584181724
                1000000     -4.841948933429496    0.02058839633412721      1574.187948643667
                1000000     -4.451514041108566    0.02030657045498763      827.0835994221036
                1000000     -13.53269083709516    0.02164860100714348      158.9148035228499
                1000000     -8.623999065707682    0.02044897195885893      286.9091274526256
                1000000     -7.394065406264911    0.01919645564267826      12.20896375805625
                1000000     -6.895840716827983    0.01937765958692402      80.76093443361816
                1000000     -4.781889932527937    0.02013136500309601      543.8559132773092
                1000000    -0.3459933352046276    0.01924469260543667      356.2211634600213
                1000000     -1.431182223781017    0.01880968896486725      72.90441230142665
                1000000     -1.814382448967302    0.01880104921292927      61.83799043471025
                1000000     -6.959476819768659    0.01976761873436624      93.78935902741999
                1000000     -3.882736233519803    0.01880181935389839        12.032023907695
                1000000     -3.445121602769574    0.01880193149582285      12.58089584242207
                1000000     -6.549094201161997    0.01880745365513095      14.98020272219465
                1000000     -4.902668313585286    0.01880771078487279      14.99403487899406
                1000000     -5.730636587635588    0.01880775673429269      15.52727796621541
                1000000     -13.61291215406472    0.02187884219497524      149.7663963104229
                1000000     -14.29460645334914    0.02220148004686292      72.36618932925434
                1000000     -14.53466827021976    0.02197204541807694      49.25414623930232
                1000000     -13.89214935857252    0.02181476321888924      101.9820136509043
                1000000     -13.45264018496029    0.02123124866844783      154.2246951757627
                1000000     -14.85287068419281    0.02205718627099019      18.60780806721176
                1000000     -13.37408533132826    0.02155235006434309      169.2177576261428
                1000000     -15.32817479153656    0.02171773421382549  0.0009367865613261872
                1000000     -14.61614204374574    0.02168262576593046      34.97851710366314
                1000000      -12.7464814916769    0.02080140661354241      260.7921688016722
                1000000     -13.10641571769705    0.02066667325091598       162.513509548261
                1000000     -14.06974322386417     0.0210043673967472      63.57791296623373
                1000000     -15.41774320670497    0.01958361394213695  0.0001231705047003323
                1000000       -15.389440969431    0.01981957751212881  0.0001830775336018685
                1000000      -12.5363352588191    0.02035772738074162      193.2595662057259
                1000000     -14.78107287607487     0.0206297387621577      14.29590963063373
                1000000     -15.55393604785729    0.01856900028665884  1.178895222866631e-05
                1000000     -15.50039831842821    0.01856591829511161  1.189381737245729e-05
                1000000     -15.69832851391044    0.01855752150009908  1.179612333991477e-05
                1000000     -14.46418277664425    0.02000311281847824      29.12490513967874
                1000000     -15.10962472356438    0.02012301866797179     0.1534807336284703
                1000000      -15.5925675442441    0.01851734082302257  1.182815398746328e-05
                1000000     -11.99764725960286    0.02015283158400337      109.0477415931993
                1000000     -12.95183250055149     0.0197889464637817      106.7093644737346
                1000000     -13.21226785584023    0.01969580304284344       70.0898410025349
                1000000     -15.26380882331771    0.01841071160893292   2.91681092717038e-05
                1000000     -10.96268682206086    0.01840246705610117      1.662695829684342
                1000000     -11.83513499489385    0.01837277369950853      1.118922394946083
                1000000     -12.38886715907368    0.01852415390143206     0.9501675232987148
