#! FIELDS time ld1 sigma_ld1 height
#! SET action OPES_METAD_state
#! SET biasfactor                       8
#! SET epsilon   1.153581406617129e-07
#! SET kernel_cutoff       5.652472782993875
#! SET compression_threshold                       1
#! SET zed     0.04250366560712217
#! SET sum_weights       1053434.723678208
#! SET sum_weights2        2576217.79660204
#! SET counter  1499982
#! SET adaptive_counter  375000000
#! SET sigma0_ld1      0.2576125761964729
#! SET av_cv_ld1       4.333530463382955
#! SET av_M2_ld1       116524547.1540592
                1500000      3.104970834003929    0.05284947360565707      139469.4223657802
                1500000      3.572724910543831    0.04008541557991225      220209.1513384078
                1500000      2.829377630771065    0.05778367387029925      86862.45313625444
                1500000      3.367717916475784    0.04675008084773643      190982.3412158677
                1500000      2.486324148792087    0.05954282785550599      49233.96978054506
                1500000      1.236647379046409    0.04344864112275723      26332.60313835376
                1500000      1.675779212042848    0.05050077461647239      36753.48955653235
                1500000     0.6330171886009054    0.03959358675704296      32791.85373830938
                1500000     0.2581250301219916    0.03653801820860537      56425.21735706864
                1500000      1.899506226272043    0.05423708138857788      40832.33095271931
                1500000    -0.3909045285640371    0.03138267534258313      129854.8090929112
                1500000    -0.8135359439770964    0.02761725236102537      146286.3751943326
                1500000    0.06832257468829769    0.03521707605547684      79114.80213836167
                1500000      1.036681392034843    0.04103476611454859      25996.55941573688
                1500000      2.245592095790209    0.05862936143253037      43044.96261809532
                1500000      4.169908321860666    0.03062614897773034      312029.7277318573
                1500000      3.750545174701897    0.03805361439556793      266798.9683451357
                1500000      4.049997839763166    0.03176286194697479      297712.4284205822
                1500000    -0.6105711924022112    0.02864463184713636      134682.5285571272
                1500000     -2.501624695065565    0.02489984604965926      59460.04556897816
                1500000     -1.202779877335784    0.02593545017906643      123132.3267001089
                1500000     -1.617131215359173    0.02567853483415751      108974.6886812573
                1500000     -1.399081122157626    0.02653070753824685       124223.854853691
                1500000     -2.247600079266867    0.02520227432594586      67818.41444458775
                1500000     -2.714803396883489    0.02472264584965902      45490.05210648736
                1500000      -2.92460168578867    0.02405036885261817      42122.16700015448
                1500000     -3.580161869652288    0.02521469889894799      33009.56676211805
                1500000     -2.039566543308965    0.02493735419812289      73746.49950089777
                1500000      3.880300917655286    0.03504800251655708      275081.4858498593
                1500000      4.511247002713652    0.02488314657064832      180328.1430469792
                1500000       1.45628173160972    0.04838359955704814      35138.93132681206
                1500000    -0.1622505503774003    0.03320413397969237       111285.523624979
                1500000     0.8294869495957821    0.03952492147145106      26483.58394051994
                1500000     0.4489338455428786     0.0369121280540337       39272.4115136321
                1500000     -1.010358352654243    0.02662132955927435      129500.7638476738
                1500000      4.291483401555078    0.02782867665241184      273252.1613054005
                1500000      4.410738702302786    0.02594670105489999      229369.5707467653
                1500000     -1.842700033970292    0.02561533343700206      86333.12073353547
                1500000     -3.131978482040614    0.02533762615017111      39441.20246682911
                1500000     -3.361764005239096      0.025234314692492       34744.3523325377
                1500000     -4.641015959988115    0.02549015973750119        25643.524715737
                1500000     -4.875309343033708    0.02683295291007036      26661.39952482041
                1500000     -4.418962590433334    0.02547463712884261      25521.04416443865
                1500000     -3.796426725061644    0.02543800998482627      29611.11622947685
                1500000     -4.020033438791949    0.02508869279226604      26909.29585319251
                1500000     -4.214478003587149    0.02412392470957063       23715.5330320414
                1500000     -5.433385178090272    0.02719721590643163      25631.14794256955
                1500000     -6.577239529507602    0.02730295368734936      22331.51790551765
                1500000      -5.91535789847868    0.02669740936102883      22729.23346918217
                1500000     -5.701287428827905    0.02750513156899507      25110.31841647872
                1500000     -5.187004612966593    0.02663085059100585      26117.00781315127
                1500000     -6.359052811199612    0.02698203380114893       21043.6477480147
                1500000     -7.724018204644865    0.02645017552629285      16925.44254971715
                1500000      -7.36508630761957    0.02757878378700799      17903.85356671034
                1500000     -7.937417167020848    0.02841367017947684      20841.39526505475
                1500000      -6.80111570806179    0.02920418560225695      22173.75580425856
                1500000     -6.989160557007915    0.02753354005012465      19652.46199843947
                1500000     -7.527583027470825    0.02691340175861164      17732.46763478878
                1500000     -9.351183743957856    0.02928279158656489      13409.68929051216
                1500000     -10.32335567796229    0.02837782185330075      9491.848698303966
                1500000     -8.167732070297911    0.02847155425030897      18929.65814707442
                1500000     -6.140764996743097    0.02734251862961479      23852.42886616745
                1500000      -7.19870977395805    0.02811742479420346      18577.90707737408
                1500000     -8.828864043189675    0.02980843662508535      16729.92527703538
                1500000     -8.370943991670487    0.02832573460313018      18556.16785178349
                1500000     -8.589239010999464    0.02965404745677271      19798.05967595176
                1500000     -9.091518178590496     0.0293440963957829      14375.25561366446
                1500000     -9.854331959903341     0.0274441116690376      10240.97514564078
                1500000     -10.08164416442317    0.02863174909445329      10358.07717755057
                1500000     -9.650341134789912    0.02744944191885989      10990.08805271253
                1500000     -11.74299268910775    0.02426207736147249      3680.264212767881
                1500000      -10.5552748198489    0.02876006809463745      8817.689558376569
                1500000     -10.82850192586021    0.02731351352089685      7125.168507158122
                1500000     -11.51478607957204    0.02506453997072034      4356.399750825445
                1500000      -11.2808127116219    0.02572265635933317      5069.983643171607
                1500000     -11.05572163727565     0.0268789994533683      5737.061228514353
                1500000     -12.12836717585584    0.02437507259092516      3206.039786513535
                1500000     -12.49814843524457    0.02254827923420712      2260.591273936278
                1500000       -12.705872216476     0.0224238290157431      2241.592430358264
                1500000     -13.14392879554896    0.02178734739933465      1481.191103009645
                1500000     -12.30884378978307     0.0236084005790362      2690.981178554545
                1500000     -13.49254723125602     0.0217993672378457      1239.862090747193
                1500000     -12.91842749148478    0.02200817171139042      1685.529169680712
                1500000     -13.84588324332892    0.02267278505564806      1238.541205156858
                1500000     -14.25226201029299    0.02184303963773342      985.3589844650162
                1500000     -13.33102456582413    0.02240182667868515      1567.958537653397
                1500000     -14.49546527015812    0.02091919576636615      714.8234795384545
                1500000     -13.65659010997132    0.02220947929953868      1399.405559453686
                1500000     -14.65994206684944    0.02210119768223403      714.5532531480924
                1500000     -14.89746980235883    0.02205189899722331      504.5785774199474
                1500000     -14.02880948291957    0.02190674338249226      1101.206088558237
                1500000      -11.9583007314819    0.02367551466751549       3024.14581742372
                1500000      2.064347304590275    0.04913114806453477      32288.95588883588
                1500000      2.643301762297643    0.04602113328663097      43819.65813340434
                1500000      -2.37833490645234    0.02373732718114819      49263.53032894409
                1500000        4.6225172672731    0.02378936321693874      117658.4924751255
                1500000      4.880694894205306    0.02196494334779744      22293.11018324357
                1500000      4.706887215816908    0.02319380290049821       86644.9327277422
                1500000      4.800457453822582    0.02292214096441195      50252.15208012117
                1500000       4.94693172046575    0.02119998443669209      12303.04345489316
                1500000       2.96059763265239    0.03872678845955647      61973.56011250172
                1500000      3.245225595060569    0.03892133256845502      112959.7379012467
                1500000      5.001728652086849    0.02088412421964584      6467.219714927773
                1500000      5.040728862083939    0.02070251487719815      3031.482513631627
                1500000      3.479851697235316    0.03660982046806126      164488.2856265903
                1500000      3.659535429205346    0.03417767507599266      185404.5902823019
                1500000      3.963563243298285    0.02950709838385326      222822.7611847179
                1500000      2.366218539171328    0.02936088006750724      15307.22394494419
                1500000      2.735923528102418    0.02939040384125097      25202.76053633964
                1500000      1.787020800992147     0.0228645297039607      10023.58228249207
                1500000      1.340479632042439    0.02220820654948278      8212.606736397194
                1500000      3.025276530833896    0.02856618840043342      41145.87843020858
                1500000      3.817192256867224     0.0258194400731376       143278.678773951
                1500000      3.183710985234599    0.02865436595855026      55943.03668861797
                1500000      4.343532407763246    0.02206018271861009      180738.3708124709
                1500000      3.304598404311331    0.02538066802797173      53539.74395237143
                1500000      5.077130268113664    0.02013241857224761      868.3117464909151
                1500000      4.225003298445187    0.02205379210013619      178702.7872786163
                1500000      4.109087288397209    0.02293073978147953      180395.3900934805
                1500000      2.575230978875305    0.02407300069629506        13005.483459927
                1500000      2.155605453697586    0.02307350116091299      10915.22030074074
                1500000      1.570738160379696    0.02189924602610321      8578.693995326517
                1500000   -0.05681723295439631    0.02265743765850308      34440.36819231047
                1500000      1.136249072592348    0.02145068513230701      7435.925306601595
                1500000      3.428616479434758    0.02219273663209743      44866.21178446363
                1500000       5.14280291892659    0.01930427870648459      29.45311126241524
                1500000      5.111212426476218    0.01953995046113964      182.2399421459859
                1500000       5.17233081443209      0.019152736328338      4.098117740504097
                1500000      4.566522064221718     0.0208417124238727      99236.35477195312
                1500000      4.460205529038082     0.0216530842549185      163438.4625229474
                1500000      5.303063011436906    0.01979335290192611  0.0008281766822928006
                1500000     0.9338363315977217    0.02198691747803466       7375.58225573428
                1500000      2.905230740802116    0.02236586233502778      15256.47571532542
                1500000      5.203192057989385    0.01918918790762872      0.428241937208662
                1500000      4.753219262858081    0.02114114818495693      54675.22495055572
                1500000      5.365887260087133    0.01998321435174328  0.0001538762798459123
                1500000      0.732783087785342    0.02157658179151774      8799.403811640739
                1500000     -3.250243723804786    0.02454047311933288      35414.37383616439
                1500000     -3.025046235541491     0.0238199356061346      37842.13742162172
                1500000     -5.033172269059591    0.02484420016002829      21552.74847178627
                1500000     -3.688944905045585    0.02458619564821886      26637.97593321629
                1500000     -2.603653464588825    0.02337613040931793      45030.37302845415
                1500000     -3.471577788345501    0.02464938076501062      30380.26824423578
                1500000     -3.909965984260642    0.02504831752956546      25862.25382359641
                1500000     -4.750956646732927    0.02558881337885581      23385.94706549075
                1500000     -4.533167258995445    0.02527476246985577      24469.72537265797
                1500000     -4.314219401624426    0.02454512342612686      23068.13091902557
                1500000     -5.309346771145623    0.02594692776112792      19955.58332435703
                1500000      -2.82014476263666    0.02340390916658435      40696.86421920277
                1500000     -4.120018565438649    0.02400140629456221      22351.43466039312
                1500000     -2.144569018932148    0.02326802985907862      55814.79932034151
                1500000     -1.731828862718846    0.02351851413285456      76289.88331327526
                1500000     -3.303049495973368    0.02482442651650896      35466.03479144003
                1500000     -3.193110298630861    0.02457086654414055      35747.61081756206
                1500000     -3.418429015772316    0.02488107507715578      34157.15935282841
                1500000     -2.658574190836361    0.02407539049400345      46155.52798838757
                1500000     -2.448264853874353    0.02389567447039754      52178.32467321933
                1500000     -3.077247829140108    0.02454498139195514       39660.4496000859
                1500000     -3.963949046904519     0.0249861648800747      28060.19318082545
                1500000     -2.328997378421141    0.02386070439265523      55673.36003979051
                1500000     -5.082159524410534    0.02456123909082934      22514.70773196296
                1500000     -1.919483430347382    0.02361145896403995      68877.69106879459
                1500000     -2.975542517716339    0.02368747500786489       39967.4083900747
                1500000     -3.743287442859102    0.02485502303388853      28487.12829380829
                1500000     -3.636967979283944    0.02479221563444804      28465.86465499828
                1500000     -2.869109379199255    0.02361022315143936      39558.32266039306
                1500000     -3.855395701983411    0.02523376055319163       28048.9927602215
                1500000     -2.771597615489038    0.02353150225459311      42132.63477972774
                1500000     -3.526956448685624    0.02483759773111761      30293.06124025846
                1500000     -5.587951771911494    0.02535757511166712      21099.63997144663
                1500000     -4.982861254479401    0.02501496403501047      22514.39948775782
                1500000     -4.480909471446556    0.02516981221304342      23662.59056038964
                1500000     -4.697893698920634    0.02545310050482286      25736.92669209024
                1500000     -5.249068803671463    0.02658471662712128       21925.4671330433
                1500000     -4.811034444631261    0.02598428637940002      22253.03736984517
                1500000     -4.263077491209014     0.0244750985346631      25001.69799590479
                1500000     -4.366660130702792    0.02480142979058403      24390.36530677133
                1500000      -1.51541741802411     0.0232076211530006      79267.22862479139
                1500000     -0.499900985082617    0.02292298329810668      63672.63041293236
                1500000    -0.7088718210731558    0.02261952989380787      67476.40475514815
                1500000    -0.9090797959678161    0.02261062929203716      77610.48936759926
                1500000     -1.113339952601685     0.0224983620910097      76199.95675511226
                1500000     -1.303495098881436    0.02282514260412331      82508.60833326083
                1500000     -5.538226035199669    0.02510490078983161      19894.87666275831
                1500000     -6.027371774525916    0.02642798784577161      20172.70692964457
                1500000     -5.375036263728587    0.02636740651861906      23302.10727794354
                1500000     -5.641812321653878    0.02658958883646509      23718.07113947815
                1500000     -6.250128686269804     0.0262702829765682      18728.67053271096
                1500000     -9.508283942154478    0.02523470939746286      9018.626090904967
                1500000     -5.813718703949838    0.02549721827812139      19299.10516048122
                1500000      -6.46478068733029    0.02648985671159527      17031.20571383614
                1500000    -0.2715346070622295    0.02255530991133493      47588.73773114764
                1500000     -4.588028794791629     0.0251569256228795      25378.01832736252
                1500000     -2.089422700981937    0.02366324844777973       67090.6303415367
                1500000      -1.67903111794776    0.02386521981203153      82978.89133849411
                1500000     -1.967397328527708    0.02309409668491602      64460.76894944954
                1500000     -1.458817072808421    0.02384516465056336      90890.90111681363
                1500000     -4.071244539352714    0.02417426865552531      25915.01696984456
                1500000      -4.93163310228516    0.02542294760942339      24575.33022136364
                1500000     -2.196100727703162    0.02364684074685515      59711.06889373679
                1500000     -4.167551090296937      0.023594899355364      21917.87106061025
                1500000     -5.971460172693432    0.02667788754365006      21554.24394301433
                1500000     -5.132015684142179    0.02527126830926966      23885.75752496348
                1500000     -1.785428429176541    0.02393366670290172      79267.19927818046
                1500000     -1.564056799019903    0.02331368897801868      89156.54094975254
                1500000     -1.255638524003668    0.02295538362387947      93322.20863994805
                1500000     -2.554321093355156     0.0230823162181467      45475.68604799824
                1500000     -1.067719229115428    0.02252013482100941      89171.67338514089
                1500000    -0.9557495682491559    0.02257966377241063      87894.67702746493
                1500000     -6.685827926301991    0.02645190385705295      15692.77237724884
                1500000     -5.760576640560729    0.02643108725327327      20904.12767598605
                1500000     -6.196957582670932     0.0263910442757598      21257.28611509769
                1500000     -6.864724111641823    0.02857258896490167      19248.37579326291
                1500000     -7.092166463611489    0.02583899316335557      14866.89601548303
                1500000     -6.520265670290881    0.02719994146116764      18851.18040866477
                1500000     -6.413076927475384    0.02628366745731422      19660.76933890708
                1500000     -6.082562432480191    0.02672030419948502      21562.58935846763
                1500000     -5.488629867977478    0.02543383385565154      21417.99841136297
                1500000      -7.82211412273452      0.025683312615651      13855.19646236706
                1500000     -6.303862054162528    0.02626561183565631      19553.18191189316
                1500000     -6.739903273346103    0.02694261939702234      18940.03782846533
                1500000     -6.631773795614959    0.02656683270322463      18060.55275614483
                1500000     -7.422550004197936    0.02672789312363556      15710.64090395835
                1500000     -7.258856163609059    0.02660407035656217      16596.31164755579
                1500000     -6.928188642423103    0.02785202001786937      17325.39387921608
                1500000     -7.626355982720549    0.02520037222462617      13151.83446272468
                1500000     -8.047148570731101    0.02616300071211389      15003.47816488398
                1500000     -8.710393152015302    0.02591769553392189      12248.83007973866
                1500000     -7.143051505023005    0.02633978741778793      16549.36161727624
                1500000     -8.468422448505109    0.02603530365632516      13540.43820607055
                1500000     -5.862759708299822    0.02530428386522832      20037.41774623536
                1500000     -7.876434900835815    0.02700521304840305      17497.60310358237
                1500000     -0.759123701757822     0.0225892559493922      85239.80389784787
                1500000    -0.5459744832943485    0.02238777989739265      76014.16906625954
                1500000     0.1668060359880091    0.02168522631407354      21956.61194391451
                1500000     0.3638105476782721    0.02136930083441901      15021.45500300009
                1500000     0.5370708601238064    0.02140531746380173      12087.84967115923
                1500000    -0.3159550455292091    0.02183313987772902      53197.20752211056
                1500000     -8.253712244546652     0.0265399184525363      13787.26176088377
                1500000     -8.966904388544945    0.02584088695566143      10982.69683328892
                1500000     -7.041680386033984    0.02594663710202047      14486.49968673777
                1500000     -9.209511175461893    0.02568519963279343      10652.20996168394
                1500000    -0.6633600114113767    0.02207429330728906      75826.21740610964
                1500000     -1.348908498665459    0.02204005518021708      77619.89396439955
                1500000     -0.452918877198215    0.02212599197704647      65510.05862613386
                1500000     -15.05858050808176    0.02094136100937216      103.8405781178996
                1500000     -10.71088524795563    0.02461197498109485      5635.485333975395
                1500000     -13.02640257077808    0.02219147443094602      1666.511155307508
                1500000     -12.61449081201654    0.02253789448048301      1948.246831417634
                1500000     -12.82779110867186    0.02243248558575948      1887.140952764857
                1500000     -11.64582206830207    0.02359475100644782      3063.100240309346
                1500000      -13.2447932830523    0.02151111851548689      1246.024566791517
                1500000     -11.86123713405483    0.02348067177523305      2892.481504992275
                1500000     -15.02419874869692    0.02114208564742085      216.3511541689734
                1500000     -12.41278187197011    0.02229496271093542      2061.374585743432
                1500000        -13.93208759776    0.02143965079800374      879.2514511526326
                1500000     -14.38431137245511     0.0221561165254365      866.6224019051397
                1500000     -13.75090816840637    0.02270920921191408      1196.015560180906
                1500000     -8.101918680549494    0.02679383791140656      16429.79202894479
                1500000     -10.93334630227617    0.02399073304943103      4159.942313068108
                1500000     -9.960060589422037     0.0252886211043598      7587.251793273677
                1500000     -11.39273374728396    0.02368259029335013      3485.216686418764
                1500000     -11.18396789836178    0.02324620184815105      4117.036191280246
                1500000     -7.475092546806794    0.02603158088094993      15120.47110206474
                1500000     -10.18976740062626    0.02530964227580993      7533.652706920497
                1500000     -9.558291878367775    0.02500868626999242       8766.71418302806
                1500000     -8.764655903536116    0.02682632414195825      14139.93063802285
                1500000     -9.458407687522921     0.0250277250328206       8758.00869521449
                1500000     -12.22436874744882    0.02241627800483834      2165.750277694711
                1500000     -12.03472131167307    0.02211934691705095      2259.933522889489
                1500000      -9.75098171213306    0.02465628164925081      7685.411788962496
                1500000     -11.59876766150931    0.02297559490332065      3206.718768358337
                1500000     -10.65985895449212    0.02436972549103904      5824.275676542311
                1500000     -10.43054738347222    0.02438586533716281      6106.808475715604
                1500000      -9.01754432389996    0.02566505623820094       10896.7947166945
                1500000     -8.916501185368272    0.02534017497436165      10453.28985955629
                1500000     -8.524507660272377    0.02695400394780552      15759.72518337131
                1500000     -10.24279849989124    0.02575889677122182      7405.751616415336
                1500000     -7.580024986893256    0.02548803234303052      14494.20413779076
                1500000     -7.773453494117629    0.02547041936885626      14499.68842028201
                1500000     -9.259070664409499    0.02489417499283749      8809.776369761561
                1500000      -7.67332660066749    0.02543889760388321       14361.6980199696
                1500000     -8.657127334242874    0.02650740955088038      12657.23631235144
                1500000     -8.312774983331748    0.02702698907899706      16415.96337626822
                1500000     -10.01088394402821    0.02544513625418178      7510.904131462822
                1500000     -11.44287342023058     0.0236207426374872      3496.461785278947
                1500000     -11.13753964487573    0.02379953361518248      4110.774405290297
                1500000     -10.99081032755642    0.02430464642705885      4644.353453879316
                1500000     -11.81328328388144     0.0229686964345029      2761.663148676622
                1500000     -13.41341139585492    0.02139996263551217      1199.895702336657
                1500000     -14.33856119468521    0.02235385310373983      891.8963060393855
                1500000     -14.15077795272703    0.02226679782100503      929.1484998732815
                1500000     -13.57246019147336    0.02150555425077137      1143.681625782152
                1500000     -12.78453373666583    0.02179163633334733      1779.440711437437
                1500000     -10.76219097854342    0.02445619923091922      5621.329184957577
                1500000     -14.98438545862047    0.02181098455207723      372.3308079532225
                1500000     -14.81571177250871      0.021047062908642      446.1950121613093
                1500000     -12.98593309671762    0.02148212599160356      1539.129273916115
                1500000     -13.06952830098718    0.02175355427801396      1528.591967941889
                1500000     -12.57284108311055    0.02153564757570432      1767.041846932377
                1500000     -14.74018474954924    0.02116332919325089      541.2276667946024
                1500000     -14.10754799644197    0.02151871959704397      901.7678083566046
                1500000     -14.57601740639365    0.02153812086299406      709.4630183587299
                1500000     -13.18180044133113    0.02101930227839833      1279.932971677061
                1500000     -9.153153520106676    0.02643577549541721      12045.71742878807
                1500000     -7.311849436613987    0.02598726710143445      15005.51024556994
                1500000     -11.34451302028019    0.02333462003145252      3626.847305438607
                1500000     -10.48708963248707    0.02468656817863139      5778.042409947981
                1500000     -9.908486924063959    0.02490416470381685        8575.4941810047
                1500000      -7.99405569133862    0.02616752956717772      15447.64453751103
                1500000      -9.70320347615292    0.02461703201358435      8224.939940704349
                1500000     -9.800466754355256    0.02465480351512951      8337.922812994369
                1500000     -10.37928119462022    0.02524868974890209      7655.711152570067
                1500000     -9.408786148034538    0.02534415180947729      9731.096103029688
                1500000      -13.7980727116982    0.02288319783123392      1293.669772799478
                1500000     -12.35717689293983    0.02297796259849765      2411.505375816519
                1500000     -15.12618344332887    0.02080387557679289      9.498465549803441
                1500000     -15.16126775582037    0.02166928695985638      1.971215340714144
                1500000     -13.98622444923883    0.02191426720470348      932.3457177059245
                1500000     -14.94082766298552     0.0221199558225833      485.0837510305398
                1500000     -13.28696570522936     0.0221553376345196      1446.690826125416
                1500000     -15.28602250084407    0.02140732649950578    0.00409969347291364
                1500000     -15.20130966148994    0.02279407972685012      0.220475133400914
                1500000     -15.36003126820299    0.02097318639314547  0.0008867859083726463
                1500000     -14.42714322842318    0.02148536624235381      768.7024352651067
                1500000     -12.87472620114399    0.02276976834343136      1909.932559925107
                1500000     -14.19366714111192    0.02155658914233927      919.6428498223676
                1500000     -14.70186010547997    0.02153841436384017      647.0606042743116
                1500000     -11.90988935071905    0.02278295185363903      2861.859806239716
                1500000     -10.88293658363417    0.02448109034509688      5181.346796564998
                1500000     -15.45630493024038    0.02226624436246004   0.000168896924803118
                1500000     -13.70235298919551    0.02271355461560265      1268.376528271182
                1500000     -12.07907479692384    0.02281190478444893      2594.853012475933
                1500000     -12.66135737425607    0.02236520933560868      2075.679781202807
                1500000     -10.13757981965053    0.02470951338476079      7579.609815974914
                1500000     -11.69533557506957    0.02294309412579915      3122.784360886043
                1500000     -10.60960814565076    0.02408130174817174      6652.192845023804
                1500000     -9.602524154918495    0.02343967869697712      6897.053596854311
                1500000     -11.23155539642377    0.02318173719071602      3908.858118148262
                1500000     -9.301793304391746    0.02366287285913434      8139.882692707097
                1500000     -12.17854548052906    0.02274377454197094      2528.559740221834
                1500000     -8.420874264365548    0.02425415906148973      11468.49369479368
                1500000     -8.874250274388185      0.022931073262985      8660.159266201137
                1500000     -12.45528530724898     0.0216874121054086      2010.605925332622
                1500000     -11.55714418736018     0.0211922277718521       2538.11729630149
                1500000       -8.2119914103545    0.02328894214420491      9979.814764463272
                1500000     -11.09819231326149    0.02084312835498671      3060.555111823525
                1500000   -0.01171274150574652    0.02139900288240562      30273.48582593807
                1500000     -1.155441970633931    0.02113599004309127      69570.87145840988
                1500000    -0.1029273951249909    0.02162914829602732      45928.62909832889
                1500000    -0.8649588444622796    0.02136672101249457      73645.28007221232
                1500000     -9.052941643577649    0.02107134288227576      4433.469464980243
                1500000    -0.2274290970270689    0.02134946197481874      48265.55641151102
                1500000     -2.289253222979596    0.02017871884012151       33867.4325435337
                1500000      0.322454528425877    0.02070162705475524      16869.15687566632
                1500000     0.1261516066744312    0.02058011394759597      25627.80280322436
                1500000     -1.881707377107822    0.01984236937697028      41150.75685198724
                1500000     -2.002809489937536     0.0191137144454424      30536.92347709598
                1500000     -2.413577194686289    0.01901093526326149      23296.78666307409
                1500000     -5.341146535285503    0.02020108357384628      7760.784249559097
                1500000     -10.28261382779673    0.02054621589843271      3739.790321182936
                1500000     -12.26640507242239    0.02142342470073319      1856.985145756184
                1500000     -8.134524005395537    0.02027093914059918      3356.880026164619
                1500000     -5.278322092659177    0.01950546659308372      3901.843589873954
                1500000     -5.219320097437905    0.01935863780082822      4511.956856701576
                1500000     -4.842388634231673    0.01926978552262466      5437.077190205487
                1500000     -4.449955071789545    0.01872528588473154      5353.588858916128
                1500000      -13.5320059861915    0.02142170398881215      1202.410830827821
                1500000     -8.623173289640389    0.01985414435509715      2454.100875742484
                1500000     -6.895444230758595    0.01937221397567974      896.2210493588186
                1500000     -4.782212299174503    0.01858720924993516      3978.432513653007
                1500000    -0.3493864502984513    0.01834971658931711      33859.83937029481
                1500000     -6.958261985603707    0.01915110108892977      996.1567827604478
                1500000     -13.61361067807416    0.02166558636770327      1197.034556243375
                1500000     -14.29447244043221    0.02182313700648338       909.031511893428
                1500000     -14.53457806243091     0.0215278426775763      715.4502680427341
                1500000     -13.89087324263082    0.02220459773574742      1092.258268964714
                1500000     -13.45208409143262    0.02119482376969627      1058.385510762257
                1500000      -14.8542182339245    0.02155951528194471      474.9722298959434
                1500000      -13.3722587057863    0.02150050713906308      1355.382137608656
                1500000       -15.324604434875     0.0211801819143814   0.001914538263787119
                1500000     -14.61669851218342    0.02178562843450497      671.9618583854499
                1500000     -12.74529917949669    0.02107172189031065      1705.522150323379
                1500000     -13.10687676513392     0.0208240177555054      1301.072913728773
                1500000     -14.06815516592918    0.02122669376302408      900.5106460363739
                1500000     -15.41992795527422    0.02007787716599464  0.0002176707245393711
                1500000     -15.38917748288468    0.01970839894916896  0.0003647081005534852
                1500000     -12.53556871877581    0.02054458640000233      1555.547245516259
                1500000     -14.77890085195699    0.02088953626314865      445.0882425504175
                1500000     -15.55157493116292    0.01842537159722379  2.404971602678114e-05
                1500000      -15.5086947269682    0.01925316764070464  6.121082077314856e-05
                1500000     -15.69832851391044    0.01855752150009908  1.179612333991477e-05
                1500000     -14.46276038992028    0.02036342911835575      660.1496874626603
                1500000     -15.09293744601601    0.02062493435222289      36.93801530427605
                1500000     -15.59094275275336    0.01833616681523837  2.406699087861787e-05
                1500000     -11.99698170188802    0.02052696095168737      1738.245808389858
                1500000     -12.95235393363852     0.0201755715137058       1150.99962977528
                1500000     -13.21272005696843      0.020024448201157      946.3621509041543
                1500000     -15.24798827092665    0.02081369960631258    0.01143718627943255
                1500000     -11.47946504999101    0.02013861424092901      1996.846075273638
                1500000     -11.77902179545478    0.02015861990477942       1564.54444224036
                1500000     -10.04390339034799    0.01993868922702918      2477.896597947265
                1500000     -11.31337063889626    0.01967753484973948      1360.459485414763
                1500000     -10.51895472154739     0.0199071697717704      2050.986493632191
                1500000     -11.02063804726925     0.0195600415567483      1434.027846197155
                1500000     -10.79389011857535    0.01966017333115734      1562.690868930224
                1500000     -10.96309716610073    0.01938612257936124      1140.124495433544
                1500000     -10.45920313030095    0.01930253753261214       1145.52072319007
                1500000      -12.3850091615529    0.01950367712678552       485.172607873265
                1500000     -14.22334888212967    0.01941318049100247      465.7074132689747
                1500000     -15.61243897088852    0.01801511094881433  1.218405235353505e-05
                1500000      -13.9579505968927    0.01933800662806979      326.4487587055091
                1500000     -8.554594166488053    0.01936888546997013      1582.057506394652
                1500000      -8.79419170253221    0.01959689346025211      1146.104278934902
                1500000     -8.281937281812571    0.01894668072516197      1036.232181904881
                1500000     -9.124171973944023    0.01906988865964188      701.4481657226736
                1500000     -5.730436170925428    0.01803836541526908      1268.696842929307
                1500000     -7.228405770149942    0.01896216755405368      471.1871121104713
                1500000     -7.905306118388395    0.01908212933944132       498.010156918013
                1500000      -9.18146377555701    0.01941989407224697      207.8074203230432
                1500000     -9.382510192793019    0.01808755346438931        40.638149788771
                1500000      -8.07497578849874    0.01796559470324416      13.66069890647817
                1500000       -10.736978075808    0.01796348624209076      5.442410123852498
                1500000     -10.58524545683484    0.01796394315455422      7.256994855644065
                1500000     -11.41782287520551     0.0179682005619594      7.115529382146505
                1500000     -5.672031159235143    0.01826070198359522      912.5642456797591
                1500000     -6.832819462013229    0.01856867931291216      84.44056668087363
                1500000     0.2025382177191743    0.01909460953518066      13328.03776733495
                1500000     0.8938604266670191    0.01986859771442624      6721.671372130334
                1500000     0.6948653394474009    0.01959607991951895      7629.217195424938
                1500000      1.377749888125245    0.02036503676089768      6451.528289937683
                1500000      1.989701941543227    0.02105981466874818      8915.559657297117
                1500000     0.9731870618261657    0.01986681636322018      6593.339351041514
                1500000      1.529245619488494    0.02067362925985701       7139.18616988465
                1500000      1.302788856727684    0.02013847374269822       6345.88434719001
                1500000     0.7699266018686698     0.0195268622707911      7007.835656411108
                1500000      1.099066616741209    0.01980264740593662      5980.326851281292
                1500000      1.748328436473085    0.02023678403601153      6409.970551575361
                1500000      1.172782899609004    0.01982610493795655      5691.484650222148
                1500000      1.825866404314189    0.02032267878785763      6895.658442439854
                1500000      2.410425362346873    0.02017717903050826       6488.18379480656
                1500000      1.606495374626411    0.01978781970679324      5705.047494069075
                1500000     0.5738147548707516    0.01933544273335037       8631.17609423594
                1500000      2.321713625333492    0.01981364360598505      6066.730576115393
                1500000     0.5011873070344028    0.01881599843839089      8923.146848727658
                1500000      2.121879342429723    0.01917349614357993      3661.674168745465
                1500000      0.399237962547734     0.0187526510347507      9102.409405270566
                1500000    0.02059667908777863    0.01836907124170925      18340.82347785976
                1500000      1.959262773956332    0.01875934125854274      2347.287434161148
                1500000      1.404955568510129    0.01829000311443056      1440.373565181714
                1500000      2.698003008883352    0.01907521848350047       3522.47304886852
                1500000      3.524261853826526     0.0184349758072268      26072.54363247934
                1500000      4.664035410502961    0.01975693832142311      70077.92943127647
                1500000      4.841570707406759    0.01959657391490315      25777.88441930908
                1500000      5.272113184314209    0.01885126409255718   0.001624506916738472
                1500000      5.236226594025057    0.01944887017865552    0.02501225868043758
                1500000      5.398144789196794    0.01708713412459381  3.915848998665168e-05
                1500000      5.333101646024573    0.01822047925460899  0.0002385040360480158
                1500000      3.702417577198653    0.01846926190219993      33097.02578400837
                1500000      4.914317918054991    0.01870033008000451      11282.26979393228
                1500000      4.003992668317488      0.018684287043191      76038.29471984826
                1500000      3.618946919474094    0.01798487534152191      21038.26847297917
                1500000      4.973623481874503    0.01798779282326958      4780.677074305534
                1500000      4.375172252466637    0.01820572933533255      80886.11369539173
                1500000      3.925710906190345    0.01832768894125237      53978.80518955609
                1500000      4.255270228401021    0.01798701587141862      60303.59911640946
                1500000      4.592990528766395    0.01786190030849048      36306.18981214346
                1500000      4.541951780103259    0.01772924477172332      35675.98346473328
                1500000     -3.164385853040064    0.01739279573784646       6787.00660438124
                1500000     -1.648971870291096    0.01752542741266126      20019.13453194882
                1500000    -0.5754107695119283    0.01757163499033487      23449.64352850348
                1500000     -1.487021598360631    0.01731382142542701      14582.32712793995
                1500000    -0.1992016415456999    0.01733313358190411      10893.72940500506
                1500000     -2.742633521454233    0.01715049654531427      7111.868705988066
                1500000     -1.430413475019565    0.01728768128226117       12478.0775556669
                1500000     -3.221342317115805    0.01714994033335641      4737.564554585858
                1500000     -1.815408882980243    0.01701891820512299      11637.69332142685
                1500000     -2.117485407548255    0.01718699692912384      8544.584819586615
                1500000    -0.4254353065499155    0.01729238610922643       12083.2013685644
                1500000     -1.039414149605727    0.01715969824176027      12996.38766485025
                1500000     -2.686567211716721    0.01721518437059401      6306.236910324727
                1500000     -2.631760298844356     0.0171520962346145      6797.676612555771
                1500000     -3.332699159557309    0.01718997257194455      3763.380895984966
                1500000     -3.824002063311549    0.01706850798050661       2941.17953144986
                1500000     -2.896945830747041    0.01703728698047179      4522.098553465573
                1500000      -1.70467132689059    0.01698634271129882      6211.547462996474
                1500000    -0.7353729325399323    0.01672822501086759      3652.442350890677
                1500000     -1.758332105242224    0.01694192001107944      4062.934008263964
                1500000    -0.9833083518977495    0.01678559201753675      5505.446677518255
                1500000      -4.67038196966443    0.01718282528170943      1299.899065015886
                1500000     -3.608230412553766    0.01703599863598778      1933.031219538976
                1500000     -3.500865634008751    0.01720259364090359      2076.687402985953
                1500000     -3.389442281100976     0.0169971849481814      1993.578658259552
                1500000     -3.716182260457136    0.01692018665201941      1620.006266934218
                1500000     -3.991910432846634    0.01700767626737961      1342.000171203424
                1500000     -6.547931447485792    0.01586440326119474       21.2145012834131
                1500000     -4.902688948887213     0.0166709644601616      336.6353056995797
                1500000     -5.403735197574752    0.01701481940317649      118.6502555687197
                1500000     -2.170683722485967    0.01666903327765532      2192.533995105878
                1500000     -3.882803720836437     0.0159899223561452      101.9465723143974
                1500000     -3.105497583354257    0.01671633619340625      702.9584433944915
                1500000     -4.560182094748457    0.01577491260904756      23.68697576389687
                1500000     -1.229789296954181     0.0168413573776808      2816.719313315961
                1500000     0.2968069230140395    0.01703266364028698      1469.471570923261
                1500000     -2.474927709517796     0.0163220592112315      709.8889214461095
                1500000     -3.662370109707482    0.01572548234822641      13.27901639004497
                1500000     -2.795754918738587    0.01570689349119359      19.29872002579852
                1500000     -3.278200253393766    0.01569523030188542      16.06648018185093
                1500000     -1.326527366549291    0.01569028585748685      35.66567225542273
                1500000    -0.9325085747960354       0.01568679414337      35.56812608312351
                1500000      -1.58961784178018    0.01568629405133262      38.94613537661651
                1500000     0.8727117033077755    0.01658177422111854      304.8081824216463
                1500000    -0.1260324021687879    0.01637210625732712       189.281489866147
                1500000    -0.7833363857993824    0.01567948640098321      44.30171179500388
                1500000      2.012744429511155    0.01607194941533012      68.03595020288863
                1500000      4.136597219337927    0.01690986427298153      12590.20150591491
                1500000      4.484018545999513    0.01670693400346956      6408.222308349629
                1500000       4.08388656261106      0.016718256061851      3223.363168627943
                1500000       2.76969968884234     0.0156004820805549      23.05576837255211
