4.117326146187876290e+00 -1.432690250451915115e-02 3.892211544665889367e+00
3.474871821002761596e+00 2.508052006337154610e-02 4.825349885241402959e+00
2.299676288014399717e+00 2.463565455873140408e-01 4.766522035294628701e+00
1.269475805110923616e+00 -1.162901613585470700e-01 4.014622762354870034e+00
1.234622568996414760e+00 -7.392078763199320113e-01 4.239507914350091333e+00
3.335596909352387396e-01 -1.174482633172947876e+00 3.702705056847049203e+00
3.924515585339641843e-01 -1.083324343386763422e+00 2.165226827165083634e+00
1.623597265529387990e+00 -9.786803052454612351e-01 1.610331566279576965e+00
1.929720108462341877e+00 -9.028155697675608327e-01 2.162337804232552230e-01
1.348741208016567272e+00 -3.759931388823701814e-01 -6.360965364566544267e-01
1.447160809209671495e+00 9.765777180394560886e-02 -1.515326592517843851e-01
1.017583288068026004e+00 6.375424793576914828e-01 -7.756947314689704998e-01
-2.021095478140250978e-01 6.599106062535012862e-01 -1.144630583885323460e+00
-7.279015279505737235e-01 3.974471159655533770e-01 -3.206194573217768240e-01
-1.854447662784436845e+00 3.684170854390401706e-01 -4.462054820169357727e-01
-2.391515874246524120e+00 2.873111639540916751e-01 -1.389342872270473039e+00
-1.936693423988083751e+00 3.052223727271497281e-02 -1.440234816807673734e+00
-2.305825006197432803e+00 -9.895583292558940425e-02 -2.213218829740398519e+00
-2.441831455763694869e+00 1.522974802137329053e-01 -3.352411040296801481e+00
-1.749863751172765047e+00 3.485804270735278765e-01 -3.494999343004307590e+00
-1.705126775231006864e+00 5.953981397540943910e-01 -4.477961292185098863e+00
-2.470998875627482327e+00 7.968293563408486158e-01 -5.068188168616996947e+00
-2.702484251524743364e+00 8.407261146213957925e-01 -4.521598102820361120e+00
