1.485593864079019788e+01 -2.778149138763410519e+01 1.905008493010035053e+01 -1.255647970231857258e+01 6.668100980568664404e+00 -7.511379453062429157e+00 4.084376156315003392e+00 -4.901533058968936984e+00 5.067152624471547462e+00 3.148614766034617762e+00 -1.088999652503285676e+00 1.276787057852239782e+00 -7.076333845053359717e-01 5.740296679578786587e-02 5.622771092567402373e-01 8.429096600896150704e-02 -6.856693117687334693e-01 3.465861061890059269e-01 6.539134810296237665e-02 -1.250843146827099739e-01 2.987677688682626731e-01 -4.266625465512032256e-01 2.197757287577962737e-01
-2.778149138763410519e+01 6.188296088701128639e+01 -5.160785600676793905e+01 3.784286374463720648e+01 -2.131240857334308458e+01 1.652205463423276655e+01 -8.303423371025258959e+00 9.188523805947689027e+00 -1.112791799403528437e+01 -4.753583533451245735e+00 1.222407666123228154e+00 -2.636282467807871566e+00 1.335680432393224537e+00 1.171547152269760278e-01 -7.110109855411251845e-01 -1.676342590276082289e-01 7.611186294459791890e-01 -1.122227763517178178e-01 -6.512151209471594981e-01 4.145519831856820381e-01 -8.230876183280799729e-01 1.310096202284704248e+00 -6.103939592937147607e-01
1.905008493010035053e+01 -5.160785600676793194e+01 1.076314021568458799e+02 -9.360845118651312191e+01 -3.098167693048672078e+01 5.916781246968935903e+01 -1.321712888890517235e+01 1.736657542055660031e+01 -7.511300518062782317e+00 -4.792368696653139359e+00 -3.169673278555340090e+00 2.398310626534464252e+00 -1.762705513593395334e+00 1.399585895029108906e+00 -4.690664691692318922e-01 6.172348771963347414e-01 -9.526972917534971552e-01 4.592544264504171136e-02 7.732598595996936774e-01 -5.790226271634065780e-01 1.147206540045389023e+00 -1.724574009462276125e+00 7.779850360300969436e-01
-1.255647970231857435e+01 3.784286374463721359e+01 -9.360845118651313612e+01 9.993983938846123749e+01 -4.041863086473910016e+00 -3.871083233997932638e+01 6.611417638820987763e-01 -1.612569551049343275e+01 1.872676239955040600e+01 5.079743518894497711e+00 5.236651465814250450e+00 -2.513324915990070796e+00 6.782492737721604881e-01 -1.368613004647896148e+00 7.396236174830383980e-01 -8.225886792662452374e-01 1.552069070796034955e+00 -1.570885100837754456e-01 -9.190256411440307360e-01 3.151695102833580453e-01 -9.714165033929160753e-01 1.744780509357892084e+00 -7.204298394647040693e-01
6.668100980568665292e+00 -2.131240857334308458e+01 -3.098167693048671723e+01 -4.041863086473909128e+00 1.521097092436610865e+02 -1.414996787731482186e+02 2.810808103783863743e+01 -1.498388618376896986e+01 1.702040529009500958e+01 1.019241395341965095e+01 -2.826411918532045320e+00 1.277141013389364588e+00 1.434934963411906184e+00 -1.182399181562970414e+00 -2.133252681097758674e-01 4.136519354802332127e-01 -5.206469924540702010e-01 -3.164900992065944330e-01 1.000972567018636017e+00 1.012402518628604565e-02 1.694961487504087483e-01 -7.683054353239058276e-01 2.433706511897599789e-01
-7.511379453062430933e+00 1.652205463423276655e+01 5.916781246968935903e+01 -3.871083233997934059e+01 -1.414996787731482186e+02 8.563881352745585218e+02 -3.993114981721860772e+02 3.912779920252410761e+02 -5.237622486201992160e+02 -2.036741821224313185e+02 2.781842513446307308e+01 -3.591462994498721173e+01 -1.124535237155354395e+01 1.577396120089160192e+01 -5.889600082732702191e-01 -5.050215635931340152e+00 -1.248657956756977327e+00 -3.574156979548159363e+00 4.125148264228188921e+00 6.559623956523898514e+00 -3.832075063649349911e+00 -3.145441739816967175e+00 1.400272832109860977e+00
4.084376156315004280e+00 -8.303423371025258959e+00 -1.321712888890516879e+01 6.611417638820989984e-01 2.810808103783863743e+01 -3.993114981721860772e+02 1.101335606759713528e+03 -8.558902760520883248e+02 7.049256043923170978e+01 9.182158749399842179e+01 -3.943121890669492302e+01 1.680796521177968117e+01 3.603536674132162165e+00 -5.866058115106616011e-01 -2.683513069315467181e+00 -9.285965013454502426e-01 5.476113722445174581e+00 -2.483526781210875445e+00 -7.970553902525211454e-01 2.021535551258183627e+00 -2.599487170277896553e-01 -1.198543047759482727e+00 7.521783644441755179e-01
-4.901533058968937873e+00 9.188523805947689027e+00 1.736657542055660741e+01 -1.612569551049342920e+01 -1.498388618376896275e+01 3.912779920252410761e+02 -8.558902760520883248e+02 9.271045916892065861e+02 -3.467707091814519345e+02 -1.088451137856238944e+02 3.040333477211198243e+01 -2.755307243623625979e+01 -4.407332762961977402e+00 8.934325369330831990e+00 -1.682120228224553760e+00 2.483396387895220880e-01 -5.747647512482060073e+00 9.464495104550331162e-01 1.821164852031891712e+00 1.297693622212911624e+00 -1.643749065877536664e+00 3.039255525721610285e-01 -4.103708858809883009e-01
5.067152624471547462e+00 -1.112791799403528437e+01 -7.511300518062776987e+00 1.872676239955040245e+01 1.702040529009500602e+01 -5.237622486201992160e+02 7.049256043923169557e+01 -3.467707091814519345e+02 6.808990550710682328e+02 5.593454612153117722e+01 -3.998992277275949192e+01 7.681409986387262734e+01 1.715850254375191142e+01 -2.211978193809430238e+01 6.547542685300911991e+00 4.989479904761976670e+00 -3.495103005173569866e+00 6.632021546043038285e+00 -4.309940454232330964e+00 -7.219609142317954920e+00 4.344274396758744494e+00 2.899348538438023315e+00 -1.198018830718183381e+00
3.148614766034617762e+00 -4.753583533451245735e+00 -4.792368696653142912e+00 5.079743518894497711e+00 1.019241395341965628e+01 -2.036741821224313185e+02 9.182158749399842179e+01 -1.088451137856238802e+02 5.593454612153119143e+01 2.156023025130409110e+02 -4.995135184876612300e+01 5.179116470641583980e+00 -2.129231738540488550e+01 5.065609844551940633e+00 1.794147011168117922e-01 -1.319546681942812327e+00 6.691080184553949373e+00 -2.823753881618563888e+00 -1.297260299971310538e+00 -2.010364224248068599e+00 1.356709631357219337e+00 1.061093997688673296e+00 -5.414704206991259872e-01
-1.088999652503285454e+00 1.222407666123227710e+00 -3.169673278555340090e+00 5.236651465814252226e+00 -2.826411918532048428e+00 2.781842513446307308e+01 -3.943121890669492302e+01 3.040333477211198954e+01 -3.998992277275947771e+01 -4.995135184876612300e+01 1.803190479569008744e+02 -1.272436812789941882e+02 3.647386004857477104e+01 -1.662686858122839340e+01 -3.584981142367872131e+00 3.340362925324584786e+00 -7.134553438864821295e-02 -7.111277777918422194e-01 5.809219489300673223e-01 -8.024806085016136237e-01 -3.861351897267721600e-02 -8.856354770256430475e-02 2.254621704079887434e-01
1.276787057852239338e+00 -2.636282467807872010e+00 2.398310626534462475e+00 -2.513324915990074349e+00 1.277141013389358815e+00 -3.591462994498720462e+01 1.680796521177968472e+01 -2.755307243623628111e+01 7.681409986387264155e+01 5.179116470641582204e+00 -1.272436812789942167e+02 1.656308110523021924e+02 -9.219391970719996721e+01 -3.180293951240707528e+01 4.528989644905816192e+01 1.026831509398393649e+01 -9.381482706580120734e+00 5.525308784752523295e+00 3.242393119334874840e-01 -4.124128821984805349e+00 2.671966012054570072e+00 -1.424647521220066271e-01 4.505689690234535028e-02
-7.076333845053358607e-01 1.335680432393224315e+00 -1.762705513593396001e+00 6.782492737721618203e-01 1.434934963411908848e+00 -1.124535237155354395e+01 3.603536674132163498e+00 -4.407332762961973849e+00 1.715850254375191142e+01 -2.129231738540488550e+01 3.647386004857478525e+01 -9.219391970719995300e+01 1.112744254304729736e+02 -1.492327638413929236e+01 -9.821246349407280363e+00 -2.912666970845530656e+01 1.594759656442744244e+01 -1.709733060585815201e+00 -2.617278149806057108e+00 5.727581588121224421e+00 -3.863877820269189911e+00 -2.602384983081121317e-01 2.970225364432913517e-01
5.740296679578794220e-02 1.171547152269758058e-01 1.399585895029110016e+00 -1.368613004647896148e+00 -1.182399181562968415e+00 1.577396120089160192e+01 -5.866058115106617121e-01 8.934325369330835542e+00 -2.211978193809429527e+01 5.065609844551942409e+00 -1.662686858122839695e+01 -3.180293951240706818e+01 -1.492327638413929236e+01 1.598155750543322142e+02 -1.212314679828891855e+02 3.951017821838061650e+01 -2.133182639398627600e+01 -2.741014733756139687e+00 4.360412016488025344e+00 -4.657008321464644607e-01 -8.192714269788673453e-01 1.400576777130300821e+00 -1.234878148701904044e+00
5.622771092567402373e-01 -7.110109855411249624e-01 -4.690664691692307819e-01 7.396236174830386201e-01 -2.133252681097760062e-01 -5.889600082732758812e-01 -2.683513069315468069e+00 -1.682120228224555536e+00 6.547542685300909326e+00 1.794147011168079897e-01 -3.584981142367870799e+00 4.528989644905816192e+01 -9.821246349407273257e+00 -1.212314679828891570e+02 1.615628674768834969e+02 -9.337217704245128402e+01 -3.094040936508574902e+01 4.550391186513773789e+01 1.010216494615499983e+01 -9.753424644824672640e+00 4.109736505088448233e+00 6.232914909024144245e-01 -1.702799809760951744e-01
8.429096600896138214e-02 -1.676342590276075073e-01 6.172348771963352965e-01 -8.225886792662450153e-01 4.136519354802324355e-01 -5.050215635931341929e+00 -9.285965013454482442e-01 2.483396387895260293e-01 4.989479904761973117e+00 -1.319546681942810773e+00 3.340362925324586563e+00 1.026831509398393472e+01 -2.912666970845530656e+01 3.951017821838061650e+01 -9.337217704245128402e+01 1.105312463772919642e+02 -1.221415401246953891e+01 -1.167314534727815278e+01 -2.868901598144727316e+01 1.635615895043698842e+01 8.767131628889845985e-01 -3.815497910496649769e+00 -5.631896665390121598e-02
-6.856693117687331362e-01 7.611186294459791890e-01 -9.526972917534975993e-01 1.552069070796035177e+00 -5.206469924540659822e-01 -1.248657956756979770e+00 5.476113722445175469e+00 -5.747647512482056520e+00 -3.495103005173569422e+00 6.691080184553952925e+00 -7.134553438864735253e-02 -9.381482706580120734e+00 1.594759656442743889e+01 -2.133182639398628666e+01 -3.094040936508574902e+01 -1.221415401246954602e+01 1.588994666133851013e+02 -1.204341170722941996e+02 3.691551335872605222e+01 -2.067838614994142432e+01 -2.034881025316211289e+00 3.963840402397674545e+00 -4.669065074564946460e-01
3.465861061890059269e-01 -1.122227763517180260e-01 4.592544264504049012e-02 -1.570885100837759452e-01 -3.164900992065970975e-01 -3.574156979548158475e+00 -2.483526781210879442e+00 9.464495104550291193e-01 6.632021546043039173e+00 -2.823753881618566552e+00 -7.111277777918362242e-01 5.525308784752530400e+00 -1.709733060585815867e+00 -2.741014733756134358e+00 4.550391186513773789e+01 -1.167314534727815811e+01 -1.204341170722941712e+02 1.562399643732226195e+02 -8.648431586947317840e+01 -2.906776054260141962e+01 4.066540315566192731e+01 9.110149185506061897e+00 -2.730058182912962650e+00
6.539134810296251543e-02 -6.512151209471593871e-01 7.732598595996938995e-01 -9.190256411440307360e-01 1.000972567018634907e+00 4.125148264228189809e+00 -7.970553902525218115e-01 1.821164852031891046e+00 -4.309940454232330964e+00 -1.297260299971309205e+00 5.809219489300632144e-01 3.242393119334873175e-01 -2.617278149806060661e+00 4.360412016488026232e+00 1.010216494615499094e+01 -2.868901598144728027e+01 3.691551335872603801e+01 -8.648431586947317840e+01 1.014494254019975159e+02 -1.148366939308631096e+01 -8.201419266462323776e+00 -2.757252360021607984e+01 1.150551474990800394e+01
-1.250843146827099184e-01 4.145519831856825932e-01 -5.790226271634065780e-01 3.151695102833597106e-01 1.012402518628524768e-02 6.559623956523894961e+00 2.021535551258184515e+00 1.297693622212912956e+00 -7.219609142317951367e+00 -2.010364224248066822e+00 -8.024806085016166213e-01 -4.124128821984805349e+00 5.727581588121222644e+00 -4.657008321464617406e-01 -9.753424644824674417e+00 1.635615895043698842e+01 -2.067838614994143143e+01 -2.906776054260141962e+01 -1.148366939308631096e+01 1.525749901963484660e+02 -1.172724451580770477e+02 3.604425290664170944e+01 -1.774029399540713925e+01
2.987677688682627286e-01 -8.230876183280805281e-01 1.147206540045389689e+00 -9.714165033929169635e-01 1.694961487504093867e-01 -3.832075063649351687e+00 -2.599487170277896553e-01 -1.643749065877536442e+00 4.344274396758740941e+00 1.356709631357219115e+00 -3.861351897267292776e-02 2.671966012054569184e+00 -3.863877820269191243e+00 -8.192714269788650139e-01 4.109736505088456227e+00 8.767131628889858197e-01 -2.034881025316210401e+00 4.066540315566192731e+01 -8.201419266462322000e+00 -1.172724451580770477e+02 1.086481305801515305e+02 -4.756169039294597667e+01 2.303435034938662440e+01
-4.266625465512032256e-01 1.310096202284704692e+00 -1.724574009462276125e+00 1.744780509357892084e+00 -7.683054353239056056e-01 -3.145441739816966287e+00 -1.198543047759482283e+00 3.039255525721610285e-01 2.899348538438022871e+00 1.061093997688673740e+00 -8.856354770256351372e-02 -1.424647521220067936e-01 -2.602384983081119096e-01 1.400576777130301043e+00 6.232914909024137584e-01 -3.815497910496651102e+00 3.963840402397674545e+00 9.110149185506061897e+00 -2.757252360021607984e+01 3.604425290664170234e+01 -4.756169039294596956e+01 5.723114976952123101e+01 -2.898845154695452564e+01
2.197757287577964402e-01 -6.103939592937147607e-01 7.779850360300970546e-01 -7.204298394647045134e-01 2.433706511897608948e-01 1.400272832109861199e+00 7.521783644441754069e-01 -4.103708858809887450e-01 -1.198018830718183159e+00 -5.414704206991264313e-01 2.254621704079880495e-01 4.505689690234564865e-02 2.970225364432924064e-01 -1.234878148701905154e+00 -1.702799809760948413e-01 -5.631896665390121598e-02 -4.669065074564958118e-01 -2.730058182912962650e+00 1.150551474990800394e+01 -1.774029399540713570e+01 2.303435034938662440e+01 -2.898845154695452209e+01 1.636708994119349470e+01
