2.455093925114416320e-01
-6.551112367724010177e-01
-1.096897832961498814e-01
-6.801894031893004899e-03
-1.079053154117456392e+00
-3.154308594584145919e-01
-7.515870378652526052e-01
2.873785163779958740e+00
3.650650444824935503e-01
4.485690112841007604e-01
1.131721118157699735e+01
1.368822137555847362e+00
-5.788831800138343614e-02
-1.022243259498796775e+01
-1.091111476435870253e+00
5.002878938243519036e-01
-4.355859520443575050e+00
2.761257382110693381e-03
-4.819671513599277368e-02
-3.982345198287060017e-01
-8.571815871957839672e-01
-7.378832566959403483e-02
-9.128329155049832444e-01
4.484628221130430026e-01
1.670198400002029238e-02
-1.664010961817778300e+00
-1.975546373891140517e-01
7.139109431104251335e-01
-9.942308433678260116e+00
-1.417541552910253966e+00
-4.670357759963298938e-01
9.570547210583370656e+00
1.503026943254901715e+00
-1.708829237674561741e+00
5.631283025158018596e+00
5.412146092112191803e-02
9.926516441393032908e-01
6.359820985086277467e-01
2.802979666561767336e-01
-2.664231893502210236e-01
-1.013829701582582787e+00
2.311299551855189316e-03
9.537941673583955060e-02
1.121852942647022067e+00
-7.947532811901178440e-02
4.388555540629386909e-01
2.775855864095646997e+00
8.384577437504479036e-01
-2.713289208771385574e-01
-1.555077133755778496e+00
-8.546177149302307541e-01
2.435945666421319988e-02
-3.142521200625067568e+00
-3.664849200461335332e-01
2.690926082650111906e-01
3.084252352438491829e-01
7.072698250512227114e-01
-1.535459338175175215e-01
4.076694358285464781e-01
-5.969889418300166062e-01
4.553751846430484362e-02
3.127761592997067158e-02
3.429123878900127154e-01
-8.051030483870537380e-02
4.456794094726065913e-01
-7.157258875530199405e-02
9.489366934911969143e-02
-1.782101934829183054e-01
4.459410664801055635e-02
