3.982093227267872848e+00 1.278957805942350090e+00 2.715757025494060617e+00
3.941935233291868013e+00 6.423433806298255444e-01 3.327045972626706316e+00
3.455866844232904800e+00 -7.929035380822892221e-02 3.272469906935748796e+00
2.380509384916902338e+00 -2.389532318463668537e-01 2.761713280888584254e+00
1.929696272640638144e+00 -1.859702664869197775e-02 2.916509783673936429e+00
9.293784936158836496e-01 -1.365721709057132749e-01 2.551458401833746503e+00
5.612833037190043672e-01 3.259285646706177042e-01 1.534325659459315983e+00
1.139502049764561598e+00 1.143879112343043625e+00 1.160750520853695678e+00
9.356186328959467113e-01 1.705129900435994772e+00 2.328716637625219132e-01
8.297504114939342479e-01 1.351389574466246746e+00 -2.796927529433370641e-01
1.537157340181433574e+00 1.030038457349305991e+00 1.129869321915486780e-01
1.620650833309850603e+00 7.057578149460921324e-01 -2.554900524883343960e-01
5.057754737261019873e-01 -2.402583523223476569e-01 -3.717275170003121465e-01
-1.886459141683616628e-02 -1.028266843920787377e+00 3.834943267902963249e-01
-1.039140985668065564e+00 -1.997110180872860852e+00 4.614468554945004852e-01
-2.178820455337740380e+00 -1.805901974123788278e+00 -5.664386201618970551e-01
-2.430280038771152284e+00 -1.088513949795296920e+00 -9.779578478393707863e-01
-3.448270526400917024e+00 -8.050077188653460558e-01 -1.896262832052723724e+00
-3.592687425841910809e+00 -4.759954875762130722e-01 -2.871617465260725144e+00
-2.700823753923487835e+00 5.633339638221838974e-02 -2.988834042075590336e+00
-2.645165409702793013e+00 4.640672645321733958e-01 -3.840211059009226435e+00
-2.996107446204819169e+00 -9.915608951044543873e-02 -4.061892460159975293e+00
-2.699056437518034812e+00 -6.902025719584279351e-01 -3.320706346119897123e+00
