1.401354252840734560e+01 -2.689410564676068205e+01 2.006488886945645689e+01 -1.358952757314108517e+01 6.322172117905368260e+00 1.575212604232612223e+00 -6.725900589678736052e-01 1.279875416267174382e+00 -1.411695779727315747e+00 -1.381656940754203644e+00 1.182763963370915938e+00 -9.415029664871813475e-01 -1.721032428830543970e-01 4.082260417599952174e-01 -2.299246497570437142e-01 6.322237870746586497e-01 -3.356917822486941705e-01 1.934631443046493371e-01 -1.127717319631841436e-01 1.388124286154258057e-02 1.646744685015203713e-01 -1.504615121154115678e-02 -9.440968617497204340e-02
-2.689410564676068205e+01 6.054470411821000653e+01 -5.324183487971870221e+01 3.911694153339288249e+01 -2.055063505174397065e+01 1.517366155626787838e-01 1.410579727702314878e+00 -2.977386481152725750e+00 5.068409420027857326e-01 3.055916867646545132e+00 -2.286101882342355562e+00 2.855134223858020182e+00 -2.295496049743874223e-01 -3.026325329319087820e-01 9.185505222859794427e-01 -2.332931174303281896e+00 1.125650929020608260e+00 -9.941675974046059183e-01 3.342882924382911125e-01 -2.639457493059955695e-01 -2.733164077651666773e-02 2.591182570338839558e-02 5.462317868879790206e-02
2.006488886945645334e+01 -5.324183487971870221e+01 1.071769834500069152e+02 -9.030999459259130902e+01 -3.467850296290228584e+01 4.426346640217472128e+01 1.127040283715467517e+01 -7.385610802315183854e+00 5.075242726392010795e+00 -1.066419369715653653e+00 -2.299645688696558388e+00 1.308578645246801508e-01 2.039139722984691705e+00 3.046323094951426391e-01 -5.267205692579882914e+00 3.840281862081780684e+00 -7.871091372583749468e-01 6.708616505867983637e-01 -1.719922291945789050e-01 7.973850792652567021e-01 -2.660657077859150954e-01 -3.267115901186642413e-01 1.660753085141963015e-01
-1.358952757314108517e+01 3.911694153339287539e+01 -9.030999459259130902e+01 9.683915707714020016e+01 -1.263967361953161950e+00 -1.582474082559087236e+01 -2.729587236489334501e+01 1.537572631495873132e+01 -5.367136703964351385e-01 -2.413860757561284043e+00 4.154899444705680622e+00 -5.784640950019977801e+00 -3.161628386158001902e+00 -2.015986934424448318e+00 7.775234451946979597e+00 -9.300185185246929720e-01 2.885299390719364698e-01 -2.856664774314407462e-02 4.206180052331243147e-01 -1.682000605303939578e+00 8.312121779447266823e-01 1.091787851763731110e-01 -7.340257682564570174e-02
6.322172117905368260e+00 -2.055063505174397065e+01 -3.467850296290228584e+01 -1.263967361953164170e+00 1.486287298875000431e+02 -1.167384812041521087e+02 3.623446879594238368e+01 -1.681111831628376763e+01 -6.041507121713047823e+00 4.144813868864887674e+00 8.114239931225292191e-01 2.166034668397724072e+00 2.308222429080606819e+00 2.454930521522592279e+00 -3.066744095677785165e+00 -3.748475081415202137e+00 -5.795093247274590853e-01 3.735220834833975490e-01 -6.834651385564369797e-01 1.245111687538969614e+00 -5.722476536537826064e-01 2.447483375413197007e-02 2.177261022870366144e-02
1.575212604232612223e+00 1.517366155626788948e-01 4.426346640217472839e+01 -1.582474082559087236e+01 -1.167384812041521229e+02 1.621192985547980641e+02 -9.418645516127151041e+01 -3.223042645129849149e+01 4.500177732129350261e+01 1.332008384143436963e+01 -1.397656350377437207e+01 3.821418606268988327e+00 -3.391001158393222248e+00 -7.538477807825318067e+00 1.022156088783802907e+01 2.903363236422410676e+00 4.975421590872144972e-01 -6.400430876270283252e-03 6.630092003449445937e-01 -1.141996973525480685e+00 3.123732931777978283e-01 3.101754832374583049e-01 -1.277461257665093997e-01
-6.725900589678749375e-01 1.410579727702315100e+00 1.127040283715468227e+01 -2.729587236489334856e+01 3.623446879594238368e+01 -9.418645516127151041e+01 1.126466036899931424e+02 -1.424290954637240425e+01 -7.015981994654775455e+00 -3.609982013365450371e+01 2.342264469322312337e+01 -8.648763458169285157e-01 1.851963812180413171e+00 9.644534455412566487e+00 -1.498359120639104702e+01 -6.126025345388573795e-01 -8.178901845780167656e-01 2.733758650548190894e-01 -3.659419914205367941e-01 8.888953907902256146e-01 6.526436654818126848e-02 -7.958936316335748495e-01 2.463670368189517235e-01
1.279875416267173938e+00 -2.977386481152724862e+00 -7.385610802315180301e+00 1.537572631495873132e+01 -1.681111831628377473e+01 -3.223042645129847728e+01 -1.424290954637240603e+01 1.628507163835805613e+02 -1.287440895853648328e+02 4.636988172469531122e+01 -2.456013036067593802e+01 -3.159796727686292162e+00 2.813815521379643414e+00 -2.422079969456387261e+00 4.184501286050269719e+00 -3.745859505449069538e-01 1.437776145425091245e+00 -1.836740592623585133e+00 -2.291297251292938320e-01 1.398551089088561294e+00 -1.554257306723963117e+00 1.249766628840853100e+00 -4.326617958852352896e-01
-1.411695779727315747e+00 5.068409420027853995e-01 5.075242726392009907e+00 -5.367136703964338063e-01 -6.041507121713049600e+00 4.500177732129350971e+01 -7.015981994654784337e+00 -1.287440895853648328e+02 1.728307408270614758e+02 -1.028574695728331818e+02 -2.676768371878621977e+01 4.627478190107913747e+01 8.202362011010777110e+00 -6.293257288811460626e+00 6.254270446280068008e+00 -2.342925037305688019e+00 -4.125455069178038059e+00 2.549935187397851077e+00 -1.974161894803073136e-01 -9.018334809790851114e-01 1.095863153205132834e+00 -7.540221919436016496e-01 1.988708280911808957e-01
-1.381656940754202756e+00 3.055916867646542467e+00 -1.066419369715652543e+00 -2.413860757561284043e+00 4.144813868864884121e+00 1.332008384143436786e+01 -3.609982013365449660e+01 4.636988172469531122e+01 -1.028574695728331818e+02 1.229190044736438949e+02 -2.038364422912583862e+01 -8.808252436114315742e+00 -2.327744618542420696e+01 1.305536960605228636e+01 -1.328566558274656195e+01 3.963069177763099304e+00 3.928536976145545090e+00 -1.464848271943675950e+00 -3.818385502872037041e-01 8.012202639225590728e-01 -3.866908014542242422e-01 6.263011996350231758e-02 1.866605672669674754e-01
1.182763963370916382e+00 -2.286101882342355562e+00 -2.299645688696561052e+00 4.154899444705682399e+00 8.114239931225339930e-01 -1.397656350377437029e+01 2.342264469322311982e+01 -2.456013036067593802e+01 -2.676768371878621977e+01 -2.038364422912583862e+01 1.651131615202428122e+02 -1.342403929713343871e+02 3.054891209578419264e+01 -2.414522145730977698e+01 1.757277394248800562e+01 6.454727578471916694e+00 -2.375169340962360875e-01 1.233353291832768039e-01 1.086876272193538329e+00 -2.559277743805275396e+00 9.464180584088263126e-01 -1.042979993438114539e-01 1.413416839226913080e-01
-9.415029664871811255e-01 2.855134223858019737e+00 1.308578645246821492e-01 -5.784640950019977801e+00 2.166034668397725849e+00 3.821418606268988327e+00 -8.648763458169264062e-01 -3.159796727686295714e+00 4.627478190107914457e+01 -8.808252436114313966e+00 -1.342403929713343871e+02 4.016616459194633535e+02 6.622617896507200896e+01 9.254497434881157858e+01 -3.296861789624734911e+02 -1.209029277056958307e+02 1.000340209104873601e+01 -2.404341795914999125e+01 -5.205219732060954563e+00 1.281376568135572036e+01 -4.032389325127449631e+00 -8.917315062393086356e-01 7.012772294466343426e-02
-1.721032428830552019e-01 -2.295496049743853129e-01 2.039139722984687708e+00 -3.161628386157998349e+00 2.308222429080609484e+00 -3.391001158393220916e+00 1.851963812180412061e+00 2.813815521379642970e+00 8.202362011010778886e+00 -2.327744618542420696e+01 3.054891209578419975e+01 6.622617896507202317e+01 2.712805999748638897e+02 5.487845641961656895e+01 -4.098952687904469485e+02 -1.152941994471105325e+01 3.080605168908550073e-01 6.619950508013655366e+00 -2.046402630053580030e+00 1.590502066182986418e+01 -9.642257311496440053e+00 -6.347530188298402543e-01 1.002881403683426154e+00
4.082260417599948288e-01 -3.026325329319079493e-01 3.046323094951430832e-01 -2.015986934424448318e+00 2.454930521522593168e+00 -7.538477807825320731e+00 9.644534455412566487e+00 -2.422079969456386817e+00 -6.293257288811457073e+00 1.305536960605228991e+01 -2.414522145730978409e+01 9.254497434881157858e+01 5.487845641961654763e+01 2.271815296877939829e+02 -2.674470375323203939e+02 -6.846600513531569732e+01 1.900515068038416855e+00 -2.753735779052603050e+01 -1.720739697209152430e+00 9.946969607487874399e+00 -4.177567929645817912e+00 7.545477607615035387e-01 -1.003568975322815193e+00
-2.299246497570438807e-01 9.185505222859795538e-01 -5.267205692579883802e+00 7.775234451946977821e+00 -3.066744095677785609e+00 1.022156088783802907e+01 -1.498359120639104702e+01 4.184501286050268831e+00 6.254270446280068008e+00 -1.328566558274656018e+01 1.757277394248800917e+01 -3.296861789624734342e+02 -4.098952687904469485e+02 -2.674470375323203939e+02 1.090813250667801412e+03 -1.029713103524057942e+02 -1.390722289277699097e+01 3.037963936002797283e+01 8.994436540887866371e+00 -3.416858433016917473e+01 2.002094842820121201e+01 -1.991974705589298011e+00 -2.515028460687900869e-01
6.322237870746583166e-01 -2.332931174303282340e+00 3.840281862081778907e+00 -9.300185185246951924e-01 -3.748475081415201249e+00 2.903363236422402238e+00 -6.126025345388584897e-01 -3.745859505449077864e-01 -2.342925037305692904e+00 3.963069177763101969e+00 6.454727578471916694e+00 -1.209029277056958023e+02 -1.152941994471105147e+01 -6.846600513531569732e+01 -1.029713103524057942e+02 3.100751817814056608e+02 -4.212722893928877710e+01 3.908992162294442352e+01 -1.268900112649425083e+01 1.613128372561541957e+00 -2.013283666692021467e-01 1.538116358116695226e+00 -8.801332183215989646e-01
-3.356917822486934488e-01 1.125650929020606039e+00 -7.871091372583725043e-01 2.885299390719361368e-01 -5.795093247274571979e-01 4.975421590872217137e-01 -8.178901845780170987e-01 1.437776145425095686e+00 -4.125455069178032730e+00 3.928536976145544202e+00 -2.375169340962466624e-01 1.000340209104873068e+01 3.080605168908524538e-01 1.900515068038411082e+00 -1.390722289277699275e+01 -4.212722893928877710e+01 1.543016658113474762e+02 -1.242237348760767333e+02 2.538611718549011798e+01 -1.154854590131902015e+01 -1.779059250798589842e+00 1.083997404626810601e+00 2.066514348678561153e-01
1.934631443046495869e-01 -9.941675974046063624e-01 6.708616505868001401e-01 -2.856664774314537567e-02 3.735220834834063752e-01 -6.400430876271792462e-03 2.733758650548214209e-01 -1.836740592623588020e+00 2.549935187397848413e+00 -1.464848271943677060e+00 1.233353291832789689e-01 -2.404341795914998769e+01 6.619950508013655366e+00 -2.753735779052602695e+01 3.037963936002797283e+01 3.908992162294441641e+01 -1.242237348760767333e+02 1.623061647756937305e+02 -7.069377570905606945e+01 -4.086541706174141808e+01 4.205166886795145587e+01 1.074667808944761482e+01 -3.683857538261253506e+00
-1.127717319631841575e-01 3.342882924382909460e-01 -1.719922291945783221e-01 4.206180052331239816e-01 -6.834651385564367576e-01 6.630092003449493676e-01 -3.659419914205371271e-01 -2.291297251292910842e-01 -1.974161894803048711e-01 -3.818385502872024828e-01 1.086876272193533222e+00 -5.205219732060957227e+00 -2.046402630053580918e+00 -1.720739697209153318e+00 8.994436540887866371e+00 -1.268900112649424905e+01 2.538611718549012153e+01 -7.069377570905606945e+01 8.232606460106232760e+01 2.021307064017502597e+00 -1.145882950757081886e+01 -2.698732267942375884e+01 1.171058866844040303e+01
1.388124286154275404e-02 -2.639457493059952364e-01 7.973850792652513730e-01 -1.682000605303937801e+00 1.245111687538974055e+00 -1.141996973525484460e+00 8.888953907902267249e-01 1.398551089088562405e+00 -9.018334809790833351e-01 8.012202639225589618e-01 -2.559277743805282945e+00 1.281376568135572214e+01 1.590502066182986418e+01 9.946969607487870846e+00 -3.416858433016917473e+01 1.613128372561549506e+00 -1.154854590131902015e+01 -4.086541706174142519e+01 2.021307064017499933e+00 1.422741972419411240e+02 -1.147396662372495513e+02 3.566830153492016109e+01 -1.751627081763691862e+01
1.646744685015202048e-01 -2.733164077651653243e-02 -2.660657077859128194e-01 8.312121779447259051e-01 -5.722476536537790537e-01 3.123732931777951638e-01 6.526436654818286442e-02 -1.554257306723963561e+00 1.095863153205132390e+00 -3.866908014542242422e-01 9.464180584088260906e-01 -4.032389325127445190e+00 -9.642257311496443606e+00 -4.177567929645814360e+00 2.002094842820121201e+01 -2.013283666692025076e-01 -1.779059250798589620e+00 4.205166886795145587e+01 -1.145882950757082419e+01 -1.147396662372495513e+02 1.070760783496720165e+02 -4.612098146501541152e+01 2.239430181974042355e+01
-1.504615121154122097e-02 2.591182570338848232e-02 -3.267115901186660176e-01 1.091787851763738743e-01 2.447483375413216436e-02 3.101754832374586379e-01 -7.958936316335751826e-01 1.249766628840852878e+00 -7.540221919436018716e-01 6.263011996350238697e-02 -1.042979993438082342e-01 -8.917315062393093017e-01 -6.347530188298389220e-01 7.545477607615030946e-01 -1.991974705589297567e+00 1.538116358116694338e+00 1.083997404626806160e+00 1.074667808944761482e+01 -2.698732267942376239e+01 3.566830153492016109e+01 -4.612098146501541152e+01 5.455794847686864557e+01 -2.750909410433017399e+01
-9.440968617497218218e-02 5.462317868879810329e-02 1.660753085141966623e-01 -7.340257682564595154e-02 2.177261022870413329e-02 -1.277461257665098993e-01 2.463670368189518900e-01 -4.326617958852351786e-01 1.988708280911813953e-01 1.866605672669679750e-01 1.413416839226888377e-01 7.012772294466387835e-02 1.002881403683425265e+00 -1.003568975322815415e+00 -2.515028460687899758e-01 -8.801332183215964111e-01 2.066514348678567536e-01 -3.683857538261252618e+00 1.171058866844040658e+01 -1.751627081763691862e+01 2.239430181974042355e+01 -2.750909410433017754e+01 1.517244941437308547e+01
