3.431338980679354833e-02
-4.293333940111457303e-03
-3.129611001215136523e-02
-9.662851740737010697e-02
-1.258623977397822606e-02
-2.824725855573924360e-02
-8.037542819372595071e-02
-2.559045636386921355e-02
-1.185389278258904833e-01
2.536256116659071913e-01
-1.275967595756514472e-01
2.659852493263607509e-01
-8.373915598321514386e-02
2.163555701258747244e-01
7.106916207389751827e-02
-1.081963447189364380e-02
-9.723749602367072475e-02
1.564004126989045063e-01
-2.319652675171221257e-01
1.263545735870248987e-01
-4.690402982713353514e-02
1.034771119772461417e-01
5.638200977861418384e-02
4.142209621069294356e-01
-6.627532754167249074e-01
5.072322559180217905e-01
-2.778240680643259131e-01
-1.419995211723614481e-01
1.128694745924539583e-01
-2.471857920236397721e-01
-4.887104570020618377e-01
2.556849663837083009e-01
4.630997969165790984e-01
2.900392683300640151e+00
-2.416121142435112112e+00
-2.131689224115642212e+00
7.802490992305062267e-01
-1.433785806274528785e+00
-1.735805502222717900e+00
-2.876137456053786678e-01
-1.028029597719151977e-01
1.146615792653172372e+00
8.413134885059120327e-01
-1.526047490834363307e+00
-2.053577625912457183e+00
1.930875987928541093e+00
-3.955283210153431206e+00
2.055901507919469240e-02
-2.818228370704402241e+00
5.056145415049521752e+00
1.539325829589066164e+00
-3.912162988170443612e+00
5.572572566754189438e+00
6.151577028693244742e+00
2.143659728847234991e+00
-8.461308426763595181e-01
-2.894045181335375361e+00
-5.959255446882326668e-01
-5.265638727307847544e-01
1.068059733217475160e-01
-2.631015265114571289e-01
-6.667702861180120344e-01
7.575061294063580863e-01
6.234479121913174549e-01
-5.795263550386594575e-01
-1.660985731707327995e+00
6.261294542281770070e-02
4.166994256336125635e-01
1.328060789998469216e-01
