5.672449469566345215e-01 -8.924510955810546875e+00 -8.704711914062500000e+00
6.048040390014648438e-01 -8.911369323730468750e+00 -8.231237411499023438e+00
4.417116045951843262e-01 -8.922098159790039062e+00 -7.582754611968994141e+00
7.894274592399597168e-01 -8.275554656982421875e+00 -6.708106517791748047e+00
8.261627554893493652e-01 -7.340407371520996094e+00 -6.848328590393066406e+00
1.164094328880310059e+00 -6.598588466644287109e+00 -6.108660697937011719e+00
2.279180526733398438e+00 -6.700577735900878906e+00 -5.659535884857177734e+00
2.975712299346923828e+00 -7.214124679565429688e+00 -6.201744079589843750e+00
4.081701278686523438e+00 -7.322178363800048828e+00 -5.886684894561767578e+00
4.733593463897705078e+00 -6.258124828338623047e+00 -5.778262138366699219e+00
4.431742191314697266e+00 -5.453891277313232422e+00 -6.293620109558105469e+00
4.877785682678222656e+00 -4.358036994934082031e+00 -6.194646358489990234e+00
4.505979537963867188e+00 -3.724468708038330078e+00 -5.227701663970947266e+00
3.590478420257568359e+00 -3.938907623291015625e+00 -4.868333339691162109e+00
3.099071502685546875e+00 -3.397067070007324219e+00 -3.978536128997802734e+00
3.371716260910034180e+00 -3.889192104339599609e+00 -2.964553833007812500e+00
3.423077106475830078e+00 -4.940842628479003906e+00 -2.974140405654907227e+00
3.789417743682861328e+00 -5.523890018463134766e+00 -2.107698917388916016e+00
4.922561168670654297e+00 -5.229144096374511719e+00 -1.784344673156738281e+00
5.588233947753906250e+00 -4.910832881927490234e+00 -2.484394550323486328e+00
6.665201187133789062e+00 -4.535166740417480469e+00 -2.263503551483154297e+00
6.746749877929687500e+00 -3.451168537139892578e+00 -1.686691761016845703e+00
5.961634635925292969e+00 -2.763448476791381836e+00 -1.734263658523559570e+00
5.955299854278564453e+00 -1.696739792823791504e+00 -1.229736566543579102e+00
5.132694244384765625e+00 -1.632076978683471680e+00 -3.452916145324707031e-01
4.156253814697265625e+00 -2.169534683227539062e+00 -4.092848896980285645e-01
3.268414497375488281e+00 -2.139573574066162109e+00 3.651947379112243652e-01
3.017268180847167969e+00 -3.234756946563720703e+00 9.059892296791076660e-01
3.396357774734497070e+00 -4.113971710205078125e+00 6.522726416587829590e-01
3.222739219665527344e+00 -5.195390224456787109e+00 1.122510910034179688e+00
2.156756639480590820e+00 -5.762310981750488281e+00 8.905296921730041504e-01
1.483232736587524414e+00 -5.326040744781494141e+00 3.060355186462402344e-01
4.065651893615722656e-01 -5.725102901458740234e+00 4.668439924716949463e-02
1.286216080188751221e-01 -5.676298141479492188e+00 -1.169389009475708008e+00
-6.820337772369384766e-01 -6.198299407958984375e+00 -1.515607118606567383e+00
-1.128044247627258301e+00 -6.141280651092529297e+00 -2.626157522201538086e+00
-1.856885433197021484e+00 -5.143146514892578125e+00 -2.777919769287109375e+00
-2.094734907150268555e+00 -4.844347953796386719e+00 -3.778503894805908203e+00
-2.832945823669433594e+00 -3.927000522613525391e+00 -4.044391632080078125e+00
-4.029044151306152344e+00 -4.079416275024414062e+00 -3.599025964736938477e+00
-4.442296504974365234e+00 -5.059823036193847656e+00 -3.593424081802368164e+00
-5.540983200073242188e+00 -5.345350265502929688e+00 -3.112712860107421875e+00
-5.694449424743652344e+00 -5.267292022705078125e+00 -1.818963646888732910e+00
-4.894162178039550781e+00 -5.517051696777343750e+00 -1.197582483291625977e+00
-4.914141178131103516e+00 -5.374773025512695312e+00 3.549242019653320312e-02
-4.833120346069335938e+00 -4.124557495117187500e+00 3.726397752761840820e-01
-4.214768409729003906e+00 -3.466644287109375000e+00 -3.035938143730163574e-01
-4.132308483123779297e+00 -2.231312751770019531e+00 -1.451781839132308960e-01
-5.300230026245117188e+00 -1.600159645080566406e+00 -2.908747196197509766e-01
-6.046689987182617188e+00 -1.921385765075683594e+00 -1.073825359344482422e+00
-7.218245506286621094e+00 -1.439472675323486328e+00 -1.261606097221374512e+00
-8.111562728881835938e+00 -1.629552602767944336e+00 -2.755011916160583496e-01
-7.904891014099121094e+00 -2.420287609100341797e+00 5.323482155799865723e-01
-8.627569198608398438e+00 -2.641450643539428711e+00 1.569689989089965820e+00
-8.273925781250000000e+00 -1.821012973785400391e+00 2.758852958679199219e+00
-7.277660846710205078e+00 -1.068124055862426758e+00 2.744040250778198242e+00
-6.881974697113037109e+00 -1.606878638267517090e-01 3.778542041778564453e+00
-7.615457534790039062e+00 1.180993914604187012e+00 3.674633026123046875e+00
-7.877043724060058594e+00 1.888969779014587402e+00 4.779597282409667969e+00
-8.422058105468750000e+00 3.244944572448730469e+00 4.752743721008300781e+00
-7.473307609558105469e+00 4.251142978668212891e+00 4.086984634399414062e+00
-7.954439163208007812e+00 5.262564659118652344e+00 3.500503540039062500e+00
-7.200063228607177734e+00 6.217119216918945312e+00 2.685142040252685547e+00
-6.107281684875488281e+00 6.911417961120605469e+00 3.357582569122314453e+00
-6.300423622131347656e+00 7.203601360321044922e+00 4.555702209472656250e+00
-5.288899898529052734e+00 7.772047042846679688e+00 5.313178062438964844e+00
-4.158490180969238281e+00 6.901803016662597656e+00 5.535584926605224609e+00
-4.391318321228027344e+00 5.680495262145996094e+00 5.598217487335205078e+00
-3.400422334671020508e+00 4.743819236755371094e+00 5.752730846405029297e+00
-2.682185888290405273e+00 4.450655460357666016e+00 4.522025108337402344e+00
-3.312886238098144531e+00 4.510960102081298828e+00 3.468053102493286133e+00
-2.699952602386474609e+00 4.475404739379882812e+00 2.219783306121826172e+00
-1.743093013763427734e+00 5.558242797851562500e+00 1.981192827224731445e+00
-2.062023162841796875e+00 6.655783653259277344e+00 2.353068113327026367e+00
-1.222957372665405273e+00 7.751491069793701172e+00 2.241748809814453125e+00
-9.558174759149551392e-02 7.700877666473388672e+00 3.076382398605346680e+00
-1.511255204677581787e-01 7.135878562927246094e+00 4.127645969390869141e+00
8.901061415672302246e-01 6.957847595214843750e+00 4.959418296813964844e+00
1.808764934539794922e+00 5.971695423126220703e+00 4.527666091918945312e+00
1.605654478073120117e+00 5.087300300598144531e+00 4.002796649932861328e+00
2.418947935104370117e+00 4.129330635070800781e+00 3.506329774856567383e+00
3.091632843017578125e+00 4.457426071166992188e+00 2.553600311279296875e+00
2.723482608795166016e+00 4.959761142730712891e+00 1.909501314163208008e+00
3.301024913787841797e+00 5.338157176971435547e+00 1.004390954971313477e+00
4.097708225250244141e+00 6.112874984741210938e+00 1.194057226181030273e+00
4.183366775512695312e+00 6.545707225799560547e+00 1.863061666488647461e+00
4.928821563720703125e+00 7.260905265808105469e+00 2.143578290939331055e+00
5.406799316406250000e+00 7.309447765350341797e+00 2.353617668151855469e+00
5.117986679077148438e+00 6.762014389038085938e+00 2.625138998031616211e+00
5.494771957397460938e+00 6.718423843383789062e+00 2.836058139801025391e+00
5.623795509338378906e+00 6.505274772644042969e+00 2.609809875488281250e+00
5.310848236083984375e+00 6.371782302856445312e+00 2.098324537277221680e+00
5.389486789703369141e+00 6.183927059173583984e+00 1.806166648864746094e+00
5.263151168823242188e+00 6.266502380371093750e+00 1.594672679901123047e+00
5.067266464233398438e+00 6.538353919982910156e+00 1.686622023582458496e+00
4.933204650878906250e+00 6.648586273193359375e+00 1.509236812591552734e+00
4.529672622680664062e+00 6.534761428833007812e+00 1.261590957641601562e+00
4.013050079345703125e+00 6.141735076904296875e+00 1.313247680664062500e+00
3.576663017272949219e+00 5.952134609222412109e+00 1.096616029739379883e+00
3.271662950515747070e+00 6.139847755432128906e+00 1.198583841323852539e+00
3.282330989837646484e+00 6.285805702209472656e+00 1.523617506027221680e+00
