1.046296434192474784e-01
5.016415618375563018e-02
-1.220881526121767452e-01
-1.418764251789813302e-01
6.789090358604026043e-02
1.701220048268244356e-01
2.618173752187708675e-02
-8.492573166567822518e-02
1.994323659180677610e-01
2.363051447450558451e-01
-1.273326834591168299e-01
-3.175278087121693460e-01
-1.585158382785340492e-01
-1.368424242339363328e-01
-4.306314466644252104e-01
-1.613387579370797742e-01
2.378842323299339978e-01
5.250296928270056229e-01
-4.630713047478839106e-02
1.315544113475028143e-01
-7.774629402964389202e-02
5.537454625057609131e-02
4.336986204302168552e-02
2.103181252520403832e-01
-1.540616488481133250e-01
-2.576650480405555665e-01
-1.690108605282543697e-01
2.948863862302354977e-01
2.107679070765589302e-01
1.146436561325488573e-01
6.507098426236460065e-02
-2.495621338106084608e-01
-9.868220411821000682e-02
-1.353823278720459322e-01
2.356403985907319365e-01
2.001293669029603206e-01
2.832817132677420413e-01
-2.141168233798869391e-01
-4.549005582561124750e-01
-8.278324219732168324e-03
-1.080965243010398487e-02
1.602655688813189871e-01
-4.456715478504151284e-01
4.363950891226250905e-02
7.276769985332272317e-02
5.125931324202821493e-01
6.420443059677887199e-01
2.168600543833809624e-01
-3.370443719482061340e-01
-3.095847057988701523e-01
-4.617451936679302094e-01
7.991101346116065429e-02
-3.517815302016807921e-01
2.206446523432362417e-01
-2.144862561228510489e-01
-2.873243292691949891e-01
3.116271061417321131e-01
4.365122682785890773e-01
1.215928484019149769e-01
-4.228711603025154253e-01
-1.331027771938872450e-01
2.402806168918740493e-01
8.138359569278454109e-02
1.747871026764602764e-01
-2.394641038864363247e-01
-1.924229159998754601e-01
-5.326829504191106235e-01
-2.486809684902023809e-01
2.730480602444806948e-01
2.757503921306519445e-01
4.007449621776731363e-01
-2.944435782956856262e-01
5.727202596111079236e-02
4.451129246493508163e-01
6.192953517077270931e-01
-1.799132920629413490e-01
-4.980498712207794831e-01
-5.922416262340991500e-01
2.098553288120413515e-02
4.850287834136717824e-01
4.129968136284901253e-02
2.817314276489826241e-01
-2.050162149451930371e-01
3.289158898690161537e-01
-2.652770719852714509e-01
-1.379251147035295000e-01
-1.724073973544149319e-01
4.825560080863510737e-01
2.350064239941981326e-01
2.398828508969390594e-01
-1.422108066862021181e-01
-4.240591689015204557e-01
-1.680564281780422553e-01
1.309975548481661922e-01
5.723074465997953775e-01
-2.969213825558381648e-01
-1.217328903693003284e+00
-5.003349499924670818e-01
3.310054417894208179e-01
2.228619249699804072e+00
1.112094046423113269e+00
-3.272219417446029510e-01
-1.598030777524116486e+00
-6.437844547472652001e-01
1.602878441160375589e+00
4.124019307175882942e-01
-1.308002925368737523e+00
-2.283665810086503711e+00
-1.404020733596360870e-01
1.148947144109282448e+00
2.362965389363065771e+00
-5.030458762826571784e-01
1.495174260328867855e-01
-2.016568952265979764e+00
1.375007906013235637e+00
-5.269915911141669074e-02
7.112952779751088306e-01
-9.416227752520520689e-01
4.817006269072674624e-02
-1.571595344885585721e-01
-1.721166293097956268e-01
-2.853779725497661013e-01
-2.816197506542901241e-01
3.291121001248264455e-01
1.431605692736092894e-01
2.985552704733308027e-01
-6.697918749008172634e-01
3.809473407627205765e-01
-1.922479474732051094e-02
4.418296931092403068e-01
-9.645938800154857384e-01
-4.807215593260010245e-01
-1.898287922431001473e-01
6.173833774250031547e-01
3.903013634783628061e-01
5.001328202705737636e-02
-1.120189890292442730e-01
-8.389804425628927254e-02
1.605785500863570218e-03
-5.321358940188292141e-01
4.390259685331471262e-01
-5.450125344357522467e-02
1.843079088103963259e-01
-5.856330885780992590e-01
1.867614441753518706e-01
4.265185397014548130e-01
4.485822000850358537e-01
-4.001586020648651987e-01
-1.735551048079639336e-01
-3.160791644827348756e-02
3.589169030631539914e-01
-3.065840360340054208e-02
-2.552407485939935383e-01
-2.015269851039751779e-03
-1.025531174554669689e-01
3.302143520435273094e-02
1.294135378571233813e-02
3.959180509580371154e-01
6.207515086717276670e-02
6.662578102103813849e-02
-5.826831503925556932e-01
1.048947972071454932e-01
2.478312608010872775e-02
4.053402478060080805e-01
2.343166084511202063e-01
-1.621277648538325955e-02
-2.372040545565659575e-01
-4.061201096109777753e-01
-1.179865991038262507e-01
6.407774175083648383e-02
1.222230621900246561e-01
1.246469742518818424e-01
-1.023992478022924257e-01
5.959286349316932352e-01
6.637473921411984890e-02
6.518998270929818872e-01
-2.111795001007491235e-01
2.073462866614712019e-01
-3.824132986738587037e-01
-1.803496065282942928e-01
-3.298290242668637517e-02
-3.812993176002439366e-01
8.690908890961493438e-02
-2.361815736695463963e-01
-4.677565447190923376e-02
-9.242305294698284490e-02
1.465322223411542335e-01
1.214204924494953347e-01
1.884961382833388321e-01
-4.673360304975172907e-02
-2.417033077125099738e-01
-1.209789022716095674e+00
2.363118218623893041e-01
2.070697987129495043e-01
1.077860513560569666e+00
-5.460175532103201945e-01
6.537277938816127287e-01
-1.488589352021257584e-01
3.120000462605519997e-01
-7.453124065856302216e-02
-1.081688282248746830e-01
-3.326224387906139696e-02
-2.355127364419936364e-01
-6.055980609083104135e-03
-1.330566864573617114e-01
-1.724699282919352761e-01
-2.183229218792751558e-01
-9.042527346126995325e-02
7.511392275561017129e-02
1.057343483389812794e-01
-4.316280538627166596e-02
1.336663808387866248e-01
4.172296844571693475e-01
4.230797649348507217e-01
-2.534045562413865249e-01
-4.392991586548193328e-01
-5.115169376790014155e-01
-2.075190590497697773e-01
2.091861805756804193e-01
2.544566058163028055e-01
2.979938897450054580e-01
-1.501571376712526884e-01
-2.543123043224853608e-01
-6.375357806465305199e-02
-1.175857799409617439e-02
4.084161789840177192e-01
1.635254350099931142e-01
-3.807952505655859410e-02
-1.160233150889637965e-01
-1.855067677717241736e-01
8.888511298656325346e-03
-3.197147493649771244e-01
1.043913943433777414e-01
7.768381575931418426e-02
8.348054037263403782e-01
1.537318176295660033e-01
2.977841389340077360e-01
-9.665590844269932314e-01
2.757056454914762478e-01
-1.723705174057388601e-01
3.099038358084594269e-01
-7.902148140175295765e-01
5.273688176546159623e-01
5.817542559085225884e-01
3.200488016972082850e-01
-3.730833972543033394e-01
-5.703346635601775905e-01
-1.451104384126872260e-01
2.211493639328870053e-01
2.738143132552015580e-01
1.270031307461141901e-01
-4.945485481810060202e-01
2.193873898807990885e-02
-1.316203568933575763e-03
-3.561807970879189433e-01
-5.270239733740861299e-01
-2.629347307986675264e-01
4.832294418861573515e-01
2.701245812213531328e-01
3.316129638719584327e-01
-6.627900621425020233e-02
4.441997878332587524e-01
3.519324335075597610e-01
-9.934451621449628955e-02
-6.864653564874241276e-01
-3.971553804419304945e-01
7.361029557160077286e-02
2.599081538805266267e-01
6.866856397076074453e-03
6.525098774474674679e-02
-2.067148655300442284e-01
1.891294282114393543e-01
-1.488281326261386706e-01
2.728025453951821166e-01
-1.296479318011629911e-01
2.753609134768644218e-01
-1.189303802525995685e-01
-1.899280742878698691e-01
-2.893169076075217672e-01
1.569505407333577074e-01
1.751390605057040750e-01
1.246839990996940900e-01
-2.803397965258401792e-01
-1.352618976338763046e-01
-3.297911563599854878e-02
1.931107643291170017e-01
3.181466874849264020e-02
1.898366473881985816e-01
3.485845069726282164e-01
2.634531766263513708e-01
-2.359848721862859711e-01
-3.072185986885504483e-01
-6.736799046567937266e-02
3.816820869817125761e-01
6.881738227313919515e-03
-3.638797453208940658e-01
-8.603161703104998670e-02
-3.802353386014750147e-01
6.247231858727825965e-02
-3.826755912786278802e-01
3.250369688618310882e-01
2.017315380435634464e-01
2.177768540410796039e-01
