3.300782514671023460e+00 -1.068194694523759425e-02 4.410329392355957445e+00
3.778505773118504774e+00 -1.283550121695715973e-01 4.547240231866353177e+00
3.713555097704022145e+00 -1.436653218937993803e-01 3.808396073519751290e+00
2.633422152499330871e+00 -3.759453683492960385e-01 3.245309685273171318e+00
2.088466384623306471e+00 -7.151673503209136085e-01 3.861421798572680419e+00
1.095822892565692985e+00 -9.868205228646474980e-01 3.525712022137409196e+00
2.074512307449430104e-01 -7.997125898063470739e-01 2.647748001493568371e+00
1.415608594963776445e-01 -5.667391647393063003e-01 2.852105273341374758e+00
-6.449948506157676675e-01 -3.762835918105748578e-01 2.181692009462548043e+00
-4.204359143168002744e-01 4.412958908012347414e-02 7.069387301532452650e-01
8.334725185902102096e-01 4.209601160949008047e-01 3.668707584719610448e-01
1.280086282854405511e+00 8.611579064969101527e-01 -9.313928830609602416e-01
7.883525181529191794e-01 7.258906714471647925e-01 -1.818248722987661159e+00
8.272716108336496399e-01 3.691140306607665900e-01 -1.331452808390035436e+00
4.633858556605148782e-01 1.938019505464015357e-01 -1.979198884822983784e+00
-8.787758316411753423e-01 -1.676972910122076499e-02 -2.453639108221885579e+00
-1.660539229206998257e+00 -3.002588390336940471e-01 -1.678881636680778611e+00
-2.944202376865238335e+00 -5.507346597514308773e-01 -1.896539323594859994e+00
-3.380989625279395394e+00 -1.975984779583968565e-01 -2.944457359045419498e+00
-2.821100770576698391e+00 2.143655204009112802e-01 -3.030185239112727746e+00
-3.096222958778509504e+00 5.830040340991774483e-01 -3.902313064712599200e+00
-3.057084474176704703e+00 8.237779024364775271e-01 -5.055602507564906034e+00
-2.247798432707991623e+00 9.325305149978135866e-01 -5.131856920296288926e+00
