-7.396683688792327245e-03
-3.542288786719603733e-02
3.733053639055181061e-02
-1.752604179891315700e-02
6.440516143817959227e-02
-4.089922292025799377e-02
1.736654705277139096e-02
-1.942570040295424696e-02
-3.497958364230667472e-02
4.270510716150047875e-02
2.937862616301578633e-02
1.011094303008935463e-01
-1.388812642340950254e-01
-1.357317752410899525e-01
-2.153919726402796497e-01
2.168025642685059984e-01
-7.120049127083644125e-02
2.568093146098024970e-01
8.151375881186652406e-02
1.068368528970670972e-01
4.687067076279743949e-02
-5.891574565433035926e-02
-2.715035960889903843e-01
-3.046594923868599092e-01
5.596383684691722538e-01
-2.738586587901001401e+00
-6.693466019060188010e-01
2.059579143234841481e-01
6.626317221034948302e-02
4.724417862224729314e-02
-3.242582429154849955e-02
-4.438833545196766428e-01
-2.315369217206058039e-01
1.619045624797376126e-01
-1.517012530976555640e+00
-4.016438385833234204e-01
2.767480434141009304e+00
-1.075552871941092903e+01
-1.748793717800201097e+00
-2.039061199021642956e+00
8.143789473736251949e+00
1.250178141038709612e+00
-1.963423894566519667e+00
8.879302316200615053e+00
2.061620069307941616e+00
-1.035128421273822791e-01
-2.371548971540116124e-02
2.047984791797787807e-01
5.224771871112812160e-01
-7.837265393222231369e-01
-5.418259918814510856e-01
-6.268830636385126498e-01
2.987288758545585399e-01
7.365529957612432232e-02
-2.116221227276578465e-01
1.464850404054282240e+00
5.060144317516140910e-01
-2.964910147764134724e-02
-4.499510859111507943e-02
-1.531408564895303526e-01
1.112005452233727709e+00
-3.743793072562863422e+00
-1.153363344391359790e+00
-2.480284238264014729e-01
7.724191162485221085e-01
5.659820458772311103e-01
-2.103721357929460023e-01
7.585789646959893995e-01
3.439869246743249565e-01
